n,105.365,211.36,95.8,620.32,20.35658125
n,134.1604152,494.082397,346.0599251,384.8876404,48.08496247
n,123.8244786,226.9125,104.825,498.88125,38.87951692
n,112.2857143,209.4666667,85.73333333,481.8,32.99670017
n,124.4125,218.6,103.4,617.1,14.7543214
n,113.4076336,223.4634146,97.43902439,716.1707317,24.92014611
n,144.6483051,221.4666667,98.2,552.8666667,13.63752992
n,118.1793478,240.0869565,110.6956522,648.2608696,22.08806913
n,109.4031414,209.1666667,96.91666667,583.9166667,26.50733651
n,116.6321429,243.2571429,111.0571429,705.1714286,23.63021241
n,138.9683794,259,130.25,476,14.10008865
n,131.3283884,193.7419355,86.58064516,300.9892473,25.92331514
n,129.8245798,206.35,88.81666667,325.2666667,20.61431541
n,129.6169094,177.6882129,73.90747782,196.1647655,10.7290532
n,136.3555927,215,96.34210526,543.3684211,23.0284811
n,129.3413333,536.3617021,511.6808511,761.8510638,78.32356771
n,136.9400141,219.1910112,107.7640449,496.3595506,34.94220524
n,134.4169611,241.6111111,107.5555556,704.6111111,31.11785641
n,125.2979226,253.7089552,143.8283582,470.2761194,17.94521036
n,134.4516794,202.7840376,91.78873239,480.1455399,35.49934053
n,120.8193658,207.1801802,93.23423423,445.3063063,28.28407325
n,116.993007,356,228.3333333,456.8333333,70.78763232
n,130.3236904,237.3695652,128.8975155,448.4099379,30.51313103
n,145.35,285.7333333,185.4666667,397.0888889,26.04408418
n,120.3117569,190.4375,83.0625,431.9791667,17.11460552
n,115.1931818,199.0909091,82.18181818,431.8181818,37.56515002
n,108.821875,213.8,95.05,571.9,16.15270875
n,117.3981191,261.725,141.45,722.875,17.88428081
n,110.5192308,255.3076923,118.6153846,764.4615385,27.74460873
n,128.2622699,182.9512195,75.65853659,285.6341463,23.56062213
n,138.6998525,208.3882353,91.36470588,421.7411765,21.83522439
n,115.7456897,252.4137931,110.4482759,741.5172414,25.28251782
n,141.8716323,248.8734177,113.556962,654.6075949,35.17288999
n,140.8506944,205.1388889,90.25,472.6111111,22.2345799
n,121.7733072,269.9375,140.96875,547.21875,36.65494456
n,118.8636364,242.7878788,121.3939394,552.4545455,28.21171435
n,130.9933432,182.6162791,78.3372093,217.4302326,15.60437823
n,114.3695652,233,111,765,13.6707311
n,130.3715278,203,84.88888889,402.8333333,32.19467213
n,122.4010417,195.5,88.08333333,223.4166667,18.99616189
n,110.6811024,209.6875,89.5625,541.8125,32.56891731
n,116.2506667,212.5957447,94.21276596,549.212766,41.76452128
n,123.2828639,193.1851852,88.7037037,464.1666667,38.58807822
n,117.2032345,236.5555556,139.5897436,384.7435897,10.07746314
n,123.0068702,252.5,143.7926829,313.5487805,32.35442158
n,119.4282946,215.4615385,98.56923077,508.0615385,19.52237981
n,160.0625,237.6666667,107,771.3333333,18.66071334
n,108.5625,207.7272727,93.18181818,504.4545455,38.86913837
n,133.8441971,194.175,87.85,311.3,21.6665641
n,166.546875,218,107,732,10.96300597
n,134.2261905,207.3333333,97.52380952,542.3809524,23.30454979
n,152.6527778,231.2222222,111,778.8888889,22.19832048
n,135.7969613,245.2173913,110.4347826,788.4130435,21.03845835
n,125.5173522,249.0641892,116.0608108,732.6418919,12.07929303
n,124.7972028,232.3333333,122.6666667,268.6666667,14.02731022
n,141.7841727,204.0857143,88.82857143,606.4,31.13150514
n,126.2281421,462.8043478,261.673913,397.6521739,18.98497068
n,132.3359528,205.59375,91.40625,625.4375,25.78802941
n,138.6923077,204.4444444,89.40740741,509.7407407,17.18582374
n,112.2230143,255.3870968,122.0967742,681.7258065,16.73199562
n,128.2003183,187.2816456,81.21835443,305.1265823,29.42149791
n,134.9475891,226.7666667,102.2333333,625.4666667,24.0096277
n,154.725,250.4,112.9,689.5,20.51243525
n,144.2600897,240.4642857,135.0714286,381.8214286,18.58443912
n,118.7942511,202.2168675,90.78313253,442.6987952,31.43089709
n,137.9292365,195.5294118,81.67647059,296.5294118,13.53724198
n,147.375,216.7272727,100.7272727,640.0909091,26.69045083
w,119.5065217,224.2413793,131.5862069,592.2413793,27.41082179
n,128.9196429,323.7142857,223.8571429,353,10.47251018
n,146.4322917,195.6666667,91.33333333,463,13.12652108
n,112.6890488,533.0632911,368.7341772,525.0632911,45.60559059
n,129.1020408,228.8303571,105.9761905,672.5386905,30.66179531
n,97.64285714,193.1428571,82.42857143,373.7142857,19.92024916
n,137.6982249,237.4418605,126.1162791,441.627907,16.13393777
n,126.8202247,251.4871795,136.2051282,318.7435897,39.77750414
n,165.65625,230,108,555,9.027735043
n,178.796875,326,228,357.5,14.9415528
n,141.5597015,211.8235294,93.35294118,555,22.3357519
n,117.8080569,238.2264151,101.2641509,643.8867925,29.55257909
n,126.8053463,223.8547009,106.962963,521.5156695,29.90213201
n,120.0991379,211.9655172,91.82758621,557.9655172,21.47824716
n,149.5446429,243,111,408,18.53512936
n,130.6371022,202.5376344,91.45698925,418.2258065,30.38061251
n,135.9456522,192.0243902,84.35365854,203.1219512,7.112422627
n,121.5037037,198.8823529,85.88235294,509.5882353,17.79798208
n,133.6512059,194.8382353,85.89705882,327.1176471,19.47916108
n,130.9791667,220.9166667,99.08333333,649.25,16.69497596
n,142.022792,279.2727273,168.1818182,407.5,18.0113027
n,127.1473632,256.6835938,146.2070313,441.3789063,22.99150094
w,128.5811359,200.8709677,119.3225806,436.5564516,24.03356784
n,118.9047994,235.7125,111.5625,626.175,27.41532418
n,155.2430556,186.6666667,77.33333333,292,11.06323017
n,109.5389222,240.7142857,114.3333333,632.3809524,19.3471684
n,116.8238806,204.4285714,92.71428571,394.6428571,20.81431785
n,137.6373874,192.75,85.46428571,426.2142857,15.25978274
n,130.4537122,188.173913,87.76811594,253.9855072,21.4957194
n,146.83125,241.8,113.4,675.3,39.78944584
n,136.40625,202,89,549,42.24192426
n,136.4479339,201.4605263,90.01315789,497.75,25.85494844
n,117.1355353,186.9272727,82.58181818,337,31.54902259
n,128.4372224,264.1139241,178.9113924,357.1392405,11.74051827
n,121.5369565,233.6896552,110.1724138,708.7586207,23.37493602
n,126.3982948,412.721519,196.9303797,364.9240506,10.98177687
n,138.8068182,202,86.54545455,447,27.21588774
n,136.720339,195.8269231,89.13461538,416.0192308,19.97365128
n,167,230,109.5,753.5,9.283722314
n,87.140625,370,196,529,54.05726131
n,128.3293651,250.375,121.375,914.125,20.65052871
n,148.2489177,316.8275862,207.5862069,380.0344828,38.42233546
n,134.013089,199.1666667,91.79166667,444.5833333,21.55512152
n,129.1571177,182.2070175,78.01052632,342.6666667,27.50967909
n,128.3756303,724.6666667,544.2266667,590.4266667,43.19556767
n,126.2141143,232.2171429,107.9504762,628.3828571,29.25688033
n,133.1147287,221.3580247,99.41975309,717.0864198,18.60481948
n,143.4194757,189.8235294,81.76470588,430.2941176,9.455413491
n,135.8518129,225.8235294,108.3781513,598.6890756,29.07448388
n,160.234375,223.375,100.25,674,20.90716085
n,112.8289474,225.5789474,99.73684211,548.2105263,24.43295989
n,145.46875,219.2,105.8,695.8,15.18025033
n,140.5217391,204.8076923,90.69230769,593.5384615,20.18816807
n,108.5827815,244.5789474,112.8421053,709.2631579,26.32999617
n,107.6302521,204.0666667,94.53333333,413.2,16.30460058
n,143.8619792,225.75,109.5833333,580.2083333,27.09807291
n,116.6141304,218.0434783,99.30434783,599.2608696,26.95960712
n,118.0975,251.68,120.48,766.2,31.53426073
n,127.78125,225.75,107.25,638.25,62.70454031
n,137.2786458,209.6666667,91.16666667,495.6666667,35.702766
n,134.7765957,196.3333333,87.83333333,351.3333333,9.30883027
n,126.3121819,221.7752525,101.9090909,621.9368687,32.62053965
n,123.2169935,239.625,112.7430556,579.3819444,33.67996205
n,114.7840909,291.6363636,165.6363636,648.7272727,21.98684806
n,121.1743421,211.2105263,96.55263158,391.3684211,19.47076792
n,132.2993039,203.4074074,90,495.4074074,36.94377146
n,117.05625,201.3,88.8,492,15.66556734
n,146.8211921,212.6315789,99.63157895,623,26.24041838
n,143.4301471,222.1176471,95.17647059,498.7647059,14.9710216
n,109.0399306,248.5277778,125.8611111,582.5833333,24.24069123
n,132.6484594,213.3777778,98.17777778,656.4,23.44717204
n,108.5480769,211.1538462,96.38461538,659.4615385,21.76664839
n,125.3088972,207.42,91.34,410.02,20.46775757
n,116.2506812,230.7681159,110.5797101,783.4347826,18.85677119
n,111.1125828,230.8421053,101.6315789,744.9473684,19.24035176
n,115.3789474,819.9166667,639.25,841,46.06057304
n,132.1578947,212.2131148,99.52459016,532.7868852,29.27612751
n,135.1188854,184.4466019,81.3592233,266.3883495,10.91920991
n,122.9779202,198.9090909,90.625,509.3977273,33.33946827
n,92.7625,206.4,98,717.2,26.2297541
n,131.5564342,199.68,90.08,346.4914286,27.63303908
n,115.9835526,206.4736842,90.57894737,539.2631579,22.6577572
n,132.75,227.5,97,631,21.36195996
n,136.4435484,170.9583333,80.125,176.7916667,8.100818717
n,128.6247712,187.440678,80.78934625,347.1041162,29.99797358
n,122.8596166,250.2,121.8360656,643.4360656,28.7661993
n,115.0050542,212.045977,95.8045977,377.5057471,18.750759
n,136.5666667,203.4666667,92.66666667,476.4,21.96866455
n,112.5627962,196.4150943,88.20754717,334.1698113,17.05455823
n,119.9624746,239.9516129,113.3225806,739.9677419,30.17398387
n,135.7886565,216.520202,99.33838384,561.0151515,31.95066534
n,134.0091211,213.6710526,104.4078947,360.25,29.48705054
n,138.6986301,199.1304348,87.47826087,458.9130435,8.872548518
n,140.36,219.3636364,99.45454545,615.9545455,33.72506731
n,126.895202,185.24,81.24,269.2,24.29012145
n,133.4795918,224.5405405,95.81081081,604.027027,22.78745442
n,118.0009794,199.78125,87.234375,336.03125,31.07855706
n,123.3133159,330.125,267.5416667,723.8958333,59.42204277
n,129.0539773,340.8202247,215.1797753,337.2696629,25.54959827
n,116.9464832,199.8536585,85.24390244,422.5853659,38.55316099
n,122.1189964,247.3181818,115.4659091,603.8295455,16.92142756
n,136.9129264,211.4571429,96.02857143,491.8428571,28.39223809
n,112.2233503,221.24,103.16,627.16,22.84402767
n,125.7826087,220.1464174,109.0436137,536.2398754,24.86326462
w,118.5783235,198.5675676,117.0675676,429.1351351,33.42097075
n,111.6257862,228.9,113.4,743.9,18.80498604
n,138.0493421,211.4736842,92.57894737,560.3157895,29.20753897
n,114.4217172,234.08,125.68,392.44,22.73309482
n,126.2493017,243.1888889,115.9333333,657.7666667,20.39729164
n,112.226601,217.0196078,99.78431373,587.6666667,28.44222916
n,119.4053156,236.3421053,105.7368421,663.8289474,28.21878255
n,142.3464991,237.1142857,101.5428571,667.2857143,27.44249647
n,101.84375,222.5,103.1666667,405,22.16165357
n,118.945993,226.3888889,112.8055556,461.3055556,36.96581462
n,134.8286558,200.627907,86.86046512,525.5116279,27.05082051
n,117.0351759,224.52,97.4,577.32,23.50101274
n,112.673913,196.6521739,89.82608696,399.3913043,22.25101684
n,112.6232558,215.037037,99.62962963,601.4074074,24.18027856
n,129.0358306,229.5517241,114.4827586,375.0517241,37.05265479
n,103.5375,263.4,122.8,894.6,16.69850293
n,128.5195313,192.625,86.3125,589.25,18.73822547
n,128.2583333,215.2666667,92.6,395.3333333,34.00980251
n,131.2303255,179.8945687,73.95527157,179.1693291,6.236749062
n,118.902439,377,300.4166667,775.4444444,57.80466121
n,100.15,243.8,111,764.8,30.13702042
n,127.2232143,219.4285714,100.5714286,588.8571429,17.27449459
n,103.1319444,198.8888889,87.11111111,412.6666667,21.8993207
n,125.0627615,225.6333333,98.53333333,647.8666667,28.3191337
n,125.8375479,242.304878,116.4146341,587.7439024,24.56074854
n,126.7913066,237.0583333,112.7395833,664.3229167,38.49702708
n,118.3367347,206.9459459,92.10810811,457.8648649,23.28710506
n,134.2026549,198.7746479,88.30985915,395.3098592,29.16884066
n,133.1497585,218.9615385,96.88461538,668.2307692,20.42753102
n,109.3387097,259.6976744,121.3023256,830.4883721,24.92088075
n,90.61363636,227.5454545,101.8181818,525.7272727,17.31669046
n,128.1147228,238.0606061,105.9393939,730.6969697,28.78379556
n,95.70535714,213.4285714,94.57142857,578.8571429,14.70110367
n,129.8872017,211.9310345,95.44827586,587.2068966,30.40992234
n,183.28125,209,93,588,14.5
n,128.1666667,222.4444444,101.7777778,565.6111111,15.71886006
n,134.0288066,235.3278689,109.7868852,720.295082,30.93946027
n,119.2519305,278.1384615,170.0615385,405.8769231,19.06562941
n,92.3625,199,104,252,18.25814887
n,118.7010676,237.3049645,123.0283688,485.5673759,33.55244418
n,101.7291667,226.3333333,103.3333333,655.6666667,20.70426687
n,114.5849923,229.3414634,104.0487805,683.3658537,27.29049229
n,135.3375,194.6,85.8,487.6,30.94333531
n,85.41666667,207,94,506.3333333,15.69146973
n,124.7945039,319.2586873,207.4826255,508.8069498,27.29588611
n,122.5212528,201.3928571,95.53571429,485.8928571,20.63738805
n,128.025,559.6,396,609.8,23.1741235
n,125.3299419,217.4186047,95.79069767,630.3488372,61.35960905
n,138.664557,210,99,657,42.2037913
n,144.5666667,256,120.9411765,634.8823529,31.96332241
n,115.849866,235.893617,107.106383,757.212766,19.60157697
n,125.6939219,227.3636364,109.5,750.5454545,21.57659813
n,129.363141,258.8274112,119.715736,731.8274112,15.22978336
n,109.925,216.4,88.4,506.6,25.70136183
n,124.8570736,211.4538462,94.4,433.3846154,25.82727791
n,133.8330781,209.804878,94.48780488,444.7560976,26.16700642
n,126.9815838,201.6470588,89.38235294,487.2352941,19.78788906
n,157.3645833,239.3333333,117.3333333,712.3333333,19.72026594
n,123.5244161,255.0338983,138.3728814,588.3050847,28.84446
n,145.6815476,216.4761905,98.52380952,524.5238095,20.29387272
n,71.71875,209,97,565,7
n,155.525,220.4,102.8,734.2,18.28660712
n,89.0875,230,99.8,739.2,10.24499878
n,121.8770833,405.2666667,348.9333333,688.5333333,36.40666911
n,114.4340278,249.5,109.5555556,805.3333333,30.99442403
n,118.4295652,242.5555556,114.1388889,483.9166667,26.23344569
n,125.7721612,234.5930233,116.3604651,534.0813953,26.93923816
n,132.9134024,237.472067,114.5195531,543.0810056,21.81468749
n,98.73636364,243,129,577,18.54283513
n,91.075,199,93,465,20.441135
n,116.6073446,240.494382,109.6966292,846.6966292,32.68997963
n,123.4242424,227.9746835,112.8987342,476.7341772,19.62540561
n,113.5803571,201.3809524,88.0952381,427.5714286,14.77127199
n,110.0859375,217,100,470,14.57523585
n,126.1379142,233.8914729,110.8372093,572.9844961,20.27515193
n,109.8951049,201.8888889,96.94444444,486.1666667,14.477846
n,138.5278592,196.4418605,85.06976744,371.5116279,16.50219187
n,141.5625,214.25,101.1,717.3,36.64188177
n,107.1704545,246,114.5454545,727.4545455,15.97053071
n,119.0134529,243.755102,117.4795918,755.0510204,27.66118753
n,137.0966387,211.4,91.8,621.4,30.01377462
n,134.5277778,211,93.22222222,486.6666667,19.09471196
n,130.004,186.2765957,84.14893617,293.3617021,25.54838122
n,107.4314286,224.9545455,102.3181818,695.6818182,17.09846303
n,115.2842105,228.75,104.375,798.75,14.5085583
n,138.2404181,198.25,87.05555556,445.3888889,27.26414006
n,123.4466859,846.8742857,653.8457143,714.4685714,30.95878814
n,136.7291667,217.6,97.53333333,512.5333333,28.84024965
n,137.6942257,240.2916667,107.3958333,852.1875,32.38566963
n,122.9713446,223.3488372,98.8372093,794.9302326,34.24111211
n,132.4750687,198.30625,89.15,595.3,33.13183656
n,129.7038123,182.372093,74.88372093,292.6744186,13.40592283
n,119.3933865,196.6181818,87.29090909,458.6545455,28.69448071
n,120.2337662,211.7792208,95.45454545,583.4415584,34.53837443
n,122.2409639,236.2307692,109.4615385,674.3846154,16.58383757
n,123.1666667,249.0833333,116.5,930.5,17.78790944
n,115.0240385,226.4230769,101.3846154,709.6153846,27.13509922
n,129.6716542,253.5502183,146.1135371,438.4323144,11.09682514
n,116.0498576,208.7272727,93.88636364,495.7954545,40.32391447
n,134.6654275,205.4516129,96.54301075,365.0806452,30.57178208
n,133.8143236,222.7263158,104.6421053,528.0105263,24.59652476
n,136.0364668,230.8846154,112.0512821,544.525641,23.57697536
n,107.26875,207.4,92.6,447.7,30.77726434
n,122.9086538,220.6153846,96.23076923,596.6923077,23.36790901
n,155.8671875,221.5,101.125,650,16.53358325
n,127.9453125,324,191,345,16.27450076
n,124.173788,214.757377,99.29508197,530.6885246,43.08854829
n,114.4157088,215.2121212,95.60606061,497.8787879,35.85669365
n,93.09375,396.6666667,234.8333333,518.6666667,76.96319467
n,131.18,186.25,79.5,384,16.38108189
n,130.8035336,195.2134831,84.4494382,329.8764045,19.98008098
n,133.076659,194.5090909,83.50909091,394.1636364,40.89047657
n,120.285489,190.675,84.8,347.375,33.17981314
n,135.627566,243,117.9767442,642.0465116,54.44584887
n,128.1002445,200.2727273,85.68831169,358.9480519,21.81692173
n,134.298913,214.1304348,95.95652174,629.5652174,31.05815023
n,125.9600355,254.8873239,147.2676056,418,19.64592347
n,127.2665331,245.4285714,114.7460317,786.9365079,19.6867891
n,147.4594595,230.7142857,108.4285714,504.4285714,6.966391623
n,116.473913,206.4827586,91.62068966,408.3103448,16.61396344
n,110.9453125,223.75,104.75,595.25,18.81986982
n,122.3311258,314.4736842,253.7894737,737.8947368,30.33643303
n,101.7,227,105,697,38.58186102
n,122.5929566,201.9220779,89.14285714,392.3376623,24.16320234
n,130.3682394,267.6545455,175.7909091,356.2181818,18.80499318
n,137.0951195,208.015873,90.97619048,423.968254,27.9906672
n,134.4807122,187.8352941,81.89411765,361.4,16.48853644
n,119.6354167,208.3333333,91.33333333,480.3333333,15.7876534
n,142.3758278,223.8947368,112.7105263,474.6052632,23.82077587
