@ATTRIBUTES
Buying: vhigh,high,med,low
Maint: vhigh,high,med,low
Doors: 2,3,4,5more
Persons: 2,4,more
Lug_boot: small,med,big
Safety: low,med,high

Input: C,C,C,C,C,C
Output: unacc,acc,good,vgood

@DATA
1 1 1 1 1 1 1
1 1 1 1 1 1 2
1 1 1 1 1 1 3
1 1 1 1 1 2 1
1 1 1 1 1 2 2
1 1 1 1 1 2 3
1 1 1 1 1 3 1
1 1 1 1 1 3 2
1 1 1 1 1 3 3
1 1 1 1 2 1 1
1 1 1 1 2 1 2
1 1 1 1 2 1 3
1 1 1 1 2 2 1
1 1 1 1 2 2 2
1 1 1 1 2 2 3
1 1 1 1 2 3 1
1 1 1 1 2 3 2
1 1 1 1 2 3 3
1 1 1 1 3 1 1
1 1 1 1 3 1 2
1 1 1 1 3 1 3
1 1 1 1 3 2 1
1 1 1 1 3 2 2
1 1 1 1 3 2 3
1 1 1 1 3 3 1
1 1 1 1 3 3 2
1 1 1 1 3 3 3
1 1 1 2 1 1 1
1 1 1 2 1 1 2
1 1 1 2 1 1 3
1 1 1 2 1 2 1
1 1 1 2 1 2 2
1 1 1 2 1 2 3
1 1 1 2 1 3 1
1 1 1 2 1 3 2
1 1 1 2 1 3 3
1 1 1 2 2 1 1
1 1 1 2 2 1 2
1 1 1 2 2 1 3
1 1 1 2 2 2 1
1 1 1 2 2 2 2
1 1 1 2 2 2 3
1 1 1 2 2 3 1
1 1 1 2 2 3 2
1 1 1 2 2 3 3
1 1 1 2 3 1 1
1 1 1 2 3 1 2
1 1 1 2 3 1 3
1 1 1 2 3 2 1
1 1 1 2 3 2 2
1 1 1 2 3 2 3
1 1 1 2 3 3 1
1 1 1 2 3 3 2
1 1 1 2 3 3 3
1 1 1 3 1 1 1
1 1 1 3 1 1 2
1 1 1 3 1 1 3
1 1 1 3 1 2 1
1 1 1 3 1 2 2
1 1 1 3 1 2 3
1 1 1 3 1 3 1
1 1 1 3 1 3 2
1 1 1 3 1 3 3
1 1 1 3 2 1 1
1 1 1 3 2 1 2
1 1 1 3 2 1 3
1 1 1 3 2 2 1
1 1 1 3 2 2 2
1 1 1 3 2 2 3
1 1 1 3 2 3 1
1 1 1 3 2 3 2
1 1 1 3 2 3 3
1 1 1 3 3 1 1
1 1 1 3 3 1 2
1 1 1 3 3 1 3
1 1 1 3 3 2 1
1 1 1 3 3 2 2
1 1 1 3 3 2 3
1 1 1 3 3 3 1
1 1 1 3 3 3 2
1 1 1 3 3 3 3
1 1 1 4 1 1 1
1 1 1 4 1 1 2
1 1 1 4 1 1 3
1 1 1 4 1 2 1
1 1 1 4 1 2 2
1 1 1 4 1 2 3
1 1 1 4 1 3 1
1 1 1 4 1 3 2
1 1 1 4 1 3 3
1 1 1 4 2 1 1
1 1 1 4 2 1 2
1 1 1 4 2 1 3
1 1 1 4 2 2 1
1 1 1 4 2 2 2
1 1 1 4 2 2 3
1 1 1 4 2 3 1
1 1 1 4 2 3 2
1 1 1 4 2 3 3
1 1 1 4 3 1 1
1 1 1 4 3 1 2
1 1 1 4 3 1 3
1 1 1 4 3 2 1
1 1 1 4 3 2 2
1 1 1 4 3 2 3
1 1 1 4 3 3 1
1 1 1 4 3 3 2
1 1 1 4 3 3 3
1 1 2 1 1 1 1
1 1 2 1 1 1 2
1 1 2 1 1 1 3
1 1 2 1 1 2 1
1 1 2 1 1 2 2
1 1 2 1 1 2 3
1 1 2 1 1 3 1
1 1 2 1 1 3 2
1 1 2 1 1 3 3
1 1 2 1 2 1 1
1 1 2 1 2 1 2
1 1 2 1 2 1 3
1 1 2 1 2 2 1
1 1 2 1 2 2 2
1 1 2 1 2 2 3
1 1 2 1 2 3 1
1 1 2 1 2 3 2
1 1 2 1 2 3 3
1 1 2 1 3 1 1
1 1 2 1 3 1 2
1 1 2 1 3 1 3
1 1 2 1 3 2 1
1 1 2 1 3 2 2
1 1 2 1 3 2 3
1 1 2 1 3 3 1
1 1 2 1 3 3 2
1 1 2 1 3 3 3
1 1 2 2 1 1 1
1 1 2 2 1 1 2
1 1 2 2 1 1 3
1 1 2 2 1 2 1
1 1 2 2 1 2 2
1 1 2 2 1 2 3
1 1 2 2 1 3 1
1 1 2 2 1 3 2
1 1 2 2 1 3 3
1 1 2 2 2 1 1
1 1 2 2 2 1 2
1 1 2 2 2 1 3
1 1 2 2 2 2 1
1 1 2 2 2 2 2
1 1 2 2 2 2 3
1 1 2 2 2 3 1
1 1 2 2 2 3 2
1 1 2 2 2 3 3
1 1 2 2 3 1 1
1 1 2 2 3 1 2
1 1 2 2 3 1 3
1 1 2 2 3 2 1
1 1 2 2 3 2 2
1 1 2 2 3 2 3
1 1 2 2 3 3 1
1 1 2 2 3 3 2
1 1 2 2 3 3 3
1 1 2 3 1 1 1
1 1 2 3 1 1 2
1 1 2 3 1 1 3
1 1 2 3 1 2 1
1 1 2 3 1 2 2
1 1 2 3 1 2 3
1 1 2 3 1 3 1
1 1 2 3 1 3 2
1 1 2 3 1 3 3
1 1 2 3 2 1 1
1 1 2 3 2 1 2
1 1 2 3 2 1 3
1 1 2 3 2 2 1
1 1 2 3 2 2 2
1 1 2 3 2 2 3
1 1 2 3 2 3 1
1 1 2 3 2 3 2
1 1 2 3 2 3 3
1 1 2 3 3 1 1
1 1 2 3 3 1 2
1 1 2 3 3 1 3
1 1 2 3 3 2 1
1 1 2 3 3 2 2
1 1 2 3 3 2 3
1 1 2 3 3 3 1
1 1 2 3 3 3 2
1 1 2 3 3 3 3
1 1 2 4 1 1 1
1 1 2 4 1 1 2
1 1 2 4 1 1 3
1 1 2 4 1 2 1
1 1 2 4 1 2 2
1 1 2 4 1 2 3
1 1 2 4 1 3 1
1 1 2 4 1 3 2
1 1 2 4 1 3 3
1 1 2 4 2 1 1
1 1 2 4 2 1 2
1 1 2 4 2 1 3
1 1 2 4 2 2 1
1 1 2 4 2 2 2
1 1 2 4 2 2 3
1 1 2 4 2 3 1
1 1 2 4 2 3 2
1 1 2 4 2 3 3
1 1 2 4 3 1 1
1 1 2 4 3 1 2
1 1 2 4 3 1 3
1 1 2 4 3 2 1
1 1 2 4 3 2 2
1 1 2 4 3 2 3
1 1 2 4 3 3 1
1 1 2 4 3 3 2
1 1 2 4 3 3 3
1 1 3 1 1 1 1
1 1 3 1 1 1 2
1 1 3 1 1 1 3
1 1 3 1 1 2 1
1 1 3 1 1 2 2
1 1 3 1 1 2 3
1 1 3 1 1 3 1
1 1 3 1 1 3 2
1 1 3 1 1 3 3
1 1 3 1 2 1 1
1 1 3 1 2 1 2
2 1 3 1 2 1 3
1 1 3 1 2 2 1
1 1 3 1 2 2 2
2 1 3 1 2 2 3
1 1 3 1 2 3 1
2 1 3 1 2 3 2
2 1 3 1 2 3 3
1 1 3 1 3 1 1
1 1 3 1 3 1 2
1 1 3 1 3 1 3
1 1 3 1 3 2 1
1 1 3 1 3 2 2
2 1 3 1 3 2 3
1 1 3 1 3 3 1
2 1 3 1 3 3 2
2 1 3 1 3 3 3
1 1 3 2 1 1 1
1 1 3 2 1 1 2
1 1 3 2 1 1 3
1 1 3 2 1 2 1
1 1 3 2 1 2 2
1 1 3 2 1 2 3
1 1 3 2 1 3 1
1 1 3 2 1 3 2
1 1 3 2 1 3 3
1 1 3 2 2 1 1
1 1 3 2 2 1 2
2 1 3 2 2 1 3
1 1 3 2 2 2 1
1 1 3 2 2 2 2
2 1 3 2 2 2 3
1 1 3 2 2 3 1
2 1 3 2 2 3 2
2 1 3 2 2 3 3
1 1 3 2 3 1 1
1 1 3 2 3 1 2
2 1 3 2 3 1 3
1 1 3 2 3 2 1
2 1 3 2 3 2 2
2 1 3 2 3 2 3
1 1 3 2 3 3 1
2 1 3 2 3 3 2
2 1 3 2 3 3 3
1 1 3 3 1 1 1
1 1 3 3 1 1 2
1 1 3 3 1 1 3
1 1 3 3 1 2 1
1 1 3 3 1 2 2
1 1 3 3 1 2 3
1 1 3 3 1 3 1
1 1 3 3 1 3 2
1 1 3 3 1 3 3
1 1 3 3 2 1 1
1 1 3 3 2 1 2
2 1 3 3 2 1 3
1 1 3 3 2 2 1
2 1 3 3 2 2 2
2 1 3 3 2 2 3
1 1 3 3 2 3 1
2 1 3 3 2 3 2
2 1 3 3 2 3 3
1 1 3 3 3 1 1
1 1 3 3 3 1 2
2 1 3 3 3 1 3
1 1 3 3 3 2 1
2 1 3 3 3 2 2
2 1 3 3 3 2 3
1 1 3 3 3 3 1
2 1 3 3 3 3 2
2 1 3 3 3 3 3
1 1 3 4 1 1 1
1 1 3 4 1 1 2
1 1 3 4 1 1 3
1 1 3 4 1 2 1
1 1 3 4 1 2 2
1 1 3 4 1 2 3
1 1 3 4 1 3 1
1 1 3 4 1 3 2
1 1 3 4 1 3 3
1 1 3 4 2 1 1
1 1 3 4 2 1 2
2 1 3 4 2 1 3
1 1 3 4 2 2 1
2 1 3 4 2 2 2
2 1 3 4 2 2 3
1 1 3 4 2 3 1
2 1 3 4 2 3 2
2 1 3 4 2 3 3
1 1 3 4 3 1 1
1 1 3 4 3 1 2
2 1 3 4 3 1 3
1 1 3 4 3 2 1
2 1 3 4 3 2 2
2 1 3 4 3 2 3
1 1 3 4 3 3 1
2 1 3 4 3 3 2
2 1 3 4 3 3 3
1 1 4 1 1 1 1
1 1 4 1 1 1 2
1 1 4 1 1 1 3
1 1 4 1 1 2 1
1 1 4 1 1 2 2
1 1 4 1 1 2 3
1 1 4 1 1 3 1
1 1 4 1 1 3 2
1 1 4 1 1 3 3
1 1 4 1 2 1 1
1 1 4 1 2 1 2
2 1 4 1 2 1 3
1 1 4 1 2 2 1
1 1 4 1 2 2 2
2 1 4 1 2 2 3
1 1 4 1 2 3 1
2 1 4 1 2 3 2
2 1 4 1 2 3 3
1 1 4 1 3 1 1
1 1 4 1 3 1 2
1 1 4 1 3 1 3
1 1 4 1 3 2 1
1 1 4 1 3 2 2
2 1 4 1 3 2 3
1 1 4 1 3 3 1
2 1 4 1 3 3 2
2 1 4 1 3 3 3
1 1 4 2 1 1 1
1 1 4 2 1 1 2
1 1 4 2 1 1 3
1 1 4 2 1 2 1
1 1 4 2 1 2 2
1 1 4 2 1 2 3
1 1 4 2 1 3 1
1 1 4 2 1 3 2
1 1 4 2 1 3 3
1 1 4 2 2 1 1
1 1 4 2 2 1 2
2 1 4 2 2 1 3
1 1 4 2 2 2 1
1 1 4 2 2 2 2
2 1 4 2 2 2 3
1 1 4 2 2 3 1
2 1 4 2 2 3 2
2 1 4 2 2 3 3
1 1 4 2 3 1 1
1 1 4 2 3 1 2
2 1 4 2 3 1 3
1 1 4 2 3 2 1
2 1 4 2 3 2 2
2 1 4 2 3 2 3
1 1 4 2 3 3 1
2 1 4 2 3 3 2
2 1 4 2 3 3 3
1 1 4 3 1 1 1
1 1 4 3 1 1 2
1 1 4 3 1 1 3
1 1 4 3 1 2 1
1 1 4 3 1 2 2
1 1 4 3 1 2 3
1 1 4 3 1 3 1
1 1 4 3 1 3 2
1 1 4 3 1 3 3
1 1 4 3 2 1 1
1 1 4 3 2 1 2
2 1 4 3 2 1 3
1 1 4 3 2 2 1
2 1 4 3 2 2 2
2 1 4 3 2 2 3
1 1 4 3 2 3 1
2 1 4 3 2 3 2
2 1 4 3 2 3 3
1 1 4 3 3 1 1
1 1 4 3 3 1 2
2 1 4 3 3 1 3
1 1 4 3 3 2 1
2 1 4 3 3 2 2
2 1 4 3 3 2 3
1 1 4 3 3 3 1
2 1 4 3 3 3 2
2 1 4 3 3 3 3
1 1 4 4 1 1 1
1 1 4 4 1 1 2
1 1 4 4 1 1 3
1 1 4 4 1 2 1
1 1 4 4 1 2 2
1 1 4 4 1 2 3
1 1 4 4 1 3 1
1 1 4 4 1 3 2
1 1 4 4 1 3 3
1 1 4 4 2 1 1
1 1 4 4 2 1 2
2 1 4 4 2 1 3
1 1 4 4 2 2 1
2 1 4 4 2 2 2
2 1 4 4 2 2 3
1 1 4 4 2 3 1
2 1 4 4 2 3 2
2 1 4 4 2 3 3
1 1 4 4 3 1 1
1 1 4 4 3 1 2
2 1 4 4 3 1 3
1 1 4 4 3 2 1
2 1 4 4 3 2 2
2 1 4 4 3 2 3
1 1 4 4 3 3 1
2 1 4 4 3 3 2
2 1 4 4 3 3 3
1 2 1 1 1 1 1
1 2 1 1 1 1 2
1 2 1 1 1 1 3
1 2 1 1 1 2 1
1 2 1 1 1 2 2
1 2 1 1 1 2 3
1 2 1 1 1 3 1
1 2 1 1 1 3 2
1 2 1 1 1 3 3
1 2 1 1 2 1 1
1 2 1 1 2 1 2
1 2 1 1 2 1 3
1 2 1 1 2 2 1
1 2 1 1 2 2 2
1 2 1 1 2 2 3
1 2 1 1 2 3 1
1 2 1 1 2 3 2
1 2 1 1 2 3 3
1 2 1 1 3 1 1
1 2 1 1 3 1 2
1 2 1 1 3 1 3
1 2 1 1 3 2 1
1 2 1 1 3 2 2
1 2 1 1 3 2 3
1 2 1 1 3 3 1
1 2 1 1 3 3 2
1 2 1 1 3 3 3
1 2 1 2 1 1 1
1 2 1 2 1 1 2
1 2 1 2 1 1 3
1 2 1 2 1 2 1
1 2 1 2 1 2 2
1 2 1 2 1 2 3
1 2 1 2 1 3 1
1 2 1 2 1 3 2
1 2 1 2 1 3 3
1 2 1 2 2 1 1
1 2 1 2 2 1 2
1 2 1 2 2 1 3
1 2 1 2 2 2 1
1 2 1 2 2 2 2
1 2 1 2 2 2 3
1 2 1 2 2 3 1
1 2 1 2 2 3 2
1 2 1 2 2 3 3
1 2 1 2 3 1 1
1 2 1 2 3 1 2
1 2 1 2 3 1 3
1 2 1 2 3 2 1
1 2 1 2 3 2 2
1 2 1 2 3 2 3
1 2 1 2 3 3 1
1 2 1 2 3 3 2
1 2 1 2 3 3 3
1 2 1 3 1 1 1
1 2 1 3 1 1 2
1 2 1 3 1 1 3
1 2 1 3 1 2 1
1 2 1 3 1 2 2
1 2 1 3 1 2 3
1 2 1 3 1 3 1
1 2 1 3 1 3 2
1 2 1 3 1 3 3
1 2 1 3 2 1 1
1 2 1 3 2 1 2
1 2 1 3 2 1 3
1 2 1 3 2 2 1
1 2 1 3 2 2 2
1 2 1 3 2 2 3
1 2 1 3 2 3 1
1 2 1 3 2 3 2
1 2 1 3 2 3 3
1 2 1 3 3 1 1
1 2 1 3 3 1 2
1 2 1 3 3 1 3
1 2 1 3 3 2 1
1 2 1 3 3 2 2
1 2 1 3 3 2 3
1 2 1 3 3 3 1
1 2 1 3 3 3 2
1 2 1 3 3 3 3
1 2 1 4 1 1 1
1 2 1 4 1 1 2
1 2 1 4 1 1 3
1 2 1 4 1 2 1
1 2 1 4 1 2 2
1 2 1 4 1 2 3
1 2 1 4 1 3 1
1 2 1 4 1 3 2
1 2 1 4 1 3 3
1 2 1 4 2 1 1
1 2 1 4 2 1 2
1 2 1 4 2 1 3
1 2 1 4 2 2 1
1 2 1 4 2 2 2
1 2 1 4 2 2 3
1 2 1 4 2 3 1
1 2 1 4 2 3 2
1 2 1 4 2 3 3
1 2 1 4 3 1 1
1 2 1 4 3 1 2
1 2 1 4 3 1 3
1 2 1 4 3 2 1
1 2 1 4 3 2 2
1 2 1 4 3 2 3
1 2 1 4 3 3 1
1 2 1 4 3 3 2
1 2 1 4 3 3 3
1 2 2 1 1 1 1
1 2 2 1 1 1 2
1 2 2 1 1 1 3
1 2 2 1 1 2 1
1 2 2 1 1 2 2
1 2 2 1 1 2 3
1 2 2 1 1 3 1
1 2 2 1 1 3 2
1 2 2 1 1 3 3
1 2 2 1 2 1 1
1 2 2 1 2 1 2
2 2 2 1 2 1 3
1 2 2 1 2 2 1
1 2 2 1 2 2 2
2 2 2 1 2 2 3
1 2 2 1 2 3 1
2 2 2 1 2 3 2
2 2 2 1 2 3 3
1 2 2 1 3 1 1
1 2 2 1 3 1 2
1 2 2 1 3 1 3
1 2 2 1 3 2 1
1 2 2 1 3 2 2
2 2 2 1 3 2 3
1 2 2 1 3 3 1
2 2 2 1 3 3 2
2 2 2 1 3 3 3
1 2 2 2 1 1 1
1 2 2 2 1 1 2
1 2 2 2 1 1 3
1 2 2 2 1 2 1
1 2 2 2 1 2 2
1 2 2 2 1 2 3
1 2 2 2 1 3 1
1 2 2 2 1 3 2
1 2 2 2 1 3 3
1 2 2 2 2 1 1
1 2 2 2 2 1 2
2 2 2 2 2 1 3
1 2 2 2 2 2 1
1 2 2 2 2 2 2
2 2 2 2 2 2 3
1 2 2 2 2 3 1
2 2 2 2 2 3 2
2 2 2 2 2 3 3
1 2 2 2 3 1 1
1 2 2 2 3 1 2
2 2 2 2 3 1 3
1 2 2 2 3 2 1
2 2 2 2 3 2 2
2 2 2 2 3 2 3
1 2 2 2 3 3 1
2 2 2 2 3 3 2
2 2 2 2 3 3 3
1 2 2 3 1 1 1
1 2 2 3 1 1 2
1 2 2 3 1 1 3
1 2 2 3 1 2 1
1 2 2 3 1 2 2
1 2 2 3 1 2 3
1 2 2 3 1 3 1
1 2 2 3 1 3 2
1 2 2 3 1 3 3
1 2 2 3 2 1 1
1 2 2 3 2 1 2
2 2 2 3 2 1 3
1 2 2 3 2 2 1
2 2 2 3 2 2 2
2 2 2 3 2 2 3
1 2 2 3 2 3 1
2 2 2 3 2 3 2
2 2 2 3 2 3 3
1 2 2 3 3 1 1
1 2 2 3 3 1 2
2 2 2 3 3 1 3
1 2 2 3 3 2 1
2 2 2 3 3 2 2
2 2 2 3 3 2 3
1 2 2 3 3 3 1
2 2 2 3 3 3 2
2 2 2 3 3 3 3
1 2 2 4 1 1 1
1 2 2 4 1 1 2
1 2 2 4 1 1 3
1 2 2 4 1 2 1
1 2 2 4 1 2 2
1 2 2 4 1 2 3
1 2 2 4 1 3 1
1 2 2 4 1 3 2
1 2 2 4 1 3 3
1 2 2 4 2 1 1
1 2 2 4 2 1 2
2 2 2 4 2 1 3
1 2 2 4 2 2 1
2 2 2 4 2 2 2
2 2 2 4 2 2 3
1 2 2 4 2 3 1
2 2 2 4 2 3 2
2 2 2 4 2 3 3
1 2 2 4 3 1 1
1 2 2 4 3 1 2
2 2 2 4 3 1 3
1 2 2 4 3 2 1
2 2 2 4 3 2 2
2 2 2 4 3 2 3
1 2 2 4 3 3 1
2 2 2 4 3 3 2
2 2 2 4 3 3 3
1 2 3 1 1 1 1
1 2 3 1 1 1 2
1 2 3 1 1 1 3
1 2 3 1 1 2 1
1 2 3 1 1 2 2
1 2 3 1 1 2 3
1 2 3 1 1 3 1
1 2 3 1 1 3 2
1 2 3 1 1 3 3
1 2 3 1 2 1 1
1 2 3 1 2 1 2
2 2 3 1 2 1 3
1 2 3 1 2 2 1
1 2 3 1 2 2 2
2 2 3 1 2 2 3
1 2 3 1 2 3 1
2 2 3 1 2 3 2
2 2 3 1 2 3 3
1 2 3 1 3 1 1
1 2 3 1 3 1 2
1 2 3 1 3 1 3
1 2 3 1 3 2 1
1 2 3 1 3 2 2
2 2 3 1 3 2 3
1 2 3 1 3 3 1
2 2 3 1 3 3 2
2 2 3 1 3 3 3
1 2 3 2 1 1 1
1 2 3 2 1 1 2
1 2 3 2 1 1 3
1 2 3 2 1 2 1
1 2 3 2 1 2 2
1 2 3 2 1 2 3
1 2 3 2 1 3 1
1 2 3 2 1 3 2
1 2 3 2 1 3 3
1 2 3 2 2 1 1
1 2 3 2 2 1 2
2 2 3 2 2 1 3
1 2 3 2 2 2 1
1 2 3 2 2 2 2
2 2 3 2 2 2 3
1 2 3 2 2 3 1
2 2 3 2 2 3 2
2 2 3 2 2 3 3
1 2 3 2 3 1 1
1 2 3 2 3 1 2
2 2 3 2 3 1 3
1 2 3 2 3 2 1
2 2 3 2 3 2 2
2 2 3 2 3 2 3
1 2 3 2 3 3 1
2 2 3 2 3 3 2
2 2 3 2 3 3 3
1 2 3 3 1 1 1
1 2 3 3 1 1 2
1 2 3 3 1 1 3
1 2 3 3 1 2 1
1 2 3 3 1 2 2
1 2 3 3 1 2 3
1 2 3 3 1 3 1
1 2 3 3 1 3 2
1 2 3 3 1 3 3
1 2 3 3 2 1 1
1 2 3 3 2 1 2
2 2 3 3 2 1 3
1 2 3 3 2 2 1
2 2 3 3 2 2 2
2 2 3 3 2 2 3
1 2 3 3 2 3 1
2 2 3 3 2 3 2
2 2 3 3 2 3 3
1 2 3 3 3 1 1
1 2 3 3 3 1 2
2 2 3 3 3 1 3
1 2 3 3 3 2 1
2 2 3 3 3 2 2
2 2 3 3 3 2 3
1 2 3 3 3 3 1
2 2 3 3 3 3 2
2 2 3 3 3 3 3
1 2 3 4 1 1 1
1 2 3 4 1 1 2
1 2 3 4 1 1 3
1 2 3 4 1 2 1
1 2 3 4 1 2 2
1 2 3 4 1 2 3
1 2 3 4 1 3 1
1 2 3 4 1 3 2
1 2 3 4 1 3 3
1 2 3 4 2 1 1
1 2 3 4 2 1 2
2 2 3 4 2 1 3
1 2 3 4 2 2 1
2 2 3 4 2 2 2
2 2 3 4 2 2 3
1 2 3 4 2 3 1
2 2 3 4 2 3 2
2 2 3 4 2 3 3
1 2 3 4 3 1 1
1 2 3 4 3 1 2
2 2 3 4 3 1 3
1 2 3 4 3 2 1
2 2 3 4 3 2 2
2 2 3 4 3 2 3
1 2 3 4 3 3 1
2 2 3 4 3 3 2
2 2 3 4 3 3 3
1 2 4 1 1 1 1
1 2 4 1 1 1 2
1 2 4 1 1 1 3
1 2 4 1 1 2 1
1 2 4 1 1 2 2
1 2 4 1 1 2 3
1 2 4 1 1 3 1
1 2 4 1 1 3 2
1 2 4 1 1 3 3
1 2 4 1 2 1 1
1 2 4 1 2 1 2
2 2 4 1 2 1 3
1 2 4 1 2 2 1
1 2 4 1 2 2 2
2 2 4 1 2 2 3
1 2 4 1 2 3 1
2 2 4 1 2 3 2
2 2 4 1 2 3 3
1 2 4 1 3 1 1
1 2 4 1 3 1 2
1 2 4 1 3 1 3
1 2 4 1 3 2 1
1 2 4 1 3 2 2
2 2 4 1 3 2 3
1 2 4 1 3 3 1
2 2 4 1 3 3 2
2 2 4 1 3 3 3
1 2 4 2 1 1 1
1 2 4 2 1 1 2
1 2 4 2 1 1 3
1 2 4 2 1 2 1
1 2 4 2 1 2 2
1 2 4 2 1 2 3
1 2 4 2 1 3 1
1 2 4 2 1 3 2
1 2 4 2 1 3 3
1 2 4 2 2 1 1
1 2 4 2 2 1 2
2 2 4 2 2 1 3
1 2 4 2 2 2 1
1 2 4 2 2 2 2
2 2 4 2 2 2 3
1 2 4 2 2 3 1
2 2 4 2 2 3 2
2 2 4 2 2 3 3
1 2 4 2 3 1 1
1 2 4 2 3 1 2
2 2 4 2 3 1 3
1 2 4 2 3 2 1
2 2 4 2 3 2 2
2 2 4 2 3 2 3
1 2 4 2 3 3 1
2 2 4 2 3 3 2
2 2 4 2 3 3 3
1 2 4 3 1 1 1
1 2 4 3 1 1 2
1 2 4 3 1 1 3
1 2 4 3 1 2 1
1 2 4 3 1 2 2
1 2 4 3 1 2 3
1 2 4 3 1 3 1
1 2 4 3 1 3 2
1 2 4 3 1 3 3
1 2 4 3 2 1 1
1 2 4 3 2 1 2
2 2 4 3 2 1 3
1 2 4 3 2 2 1
2 2 4 3 2 2 2
2 2 4 3 2 2 3
1 2 4 3 2 3 1
2 2 4 3 2 3 2
2 2 4 3 2 3 3
1 2 4 3 3 1 1
1 2 4 3 3 1 2
2 2 4 3 3 1 3
1 2 4 3 3 2 1
2 2 4 3 3 2 2
2 2 4 3 3 2 3
1 2 4 3 3 3 1
2 2 4 3 3 3 2
2 2 4 3 3 3 3
1 2 4 4 1 1 1
1 2 4 4 1 1 2
1 2 4 4 1 1 3
1 2 4 4 1 2 1
1 2 4 4 1 2 2
1 2 4 4 1 2 3
1 2 4 4 1 3 1
1 2 4 4 1 3 2
1 2 4 4 1 3 3
1 2 4 4 2 1 1
1 2 4 4 2 1 2
2 2 4 4 2 1 3
1 2 4 4 2 2 1
2 2 4 4 2 2 2
2 2 4 4 2 2 3
1 2 4 4 2 3 1
2 2 4 4 2 3 2
2 2 4 4 2 3 3
1 2 4 4 3 1 1
1 2 4 4 3 1 2
2 2 4 4 3 1 3
1 2 4 4 3 2 1
2 2 4 4 3 2 2
2 2 4 4 3 2 3
1 2 4 4 3 3 1
2 2 4 4 3 3 2
2 2 4 4 3 3 3
1 3 1 1 1 1 1
1 3 1 1 1 1 2
1 3 1 1 1 1 3
1 3 1 1 1 2 1
1 3 1 1 1 2 2
1 3 1 1 1 2 3
1 3 1 1 1 3 1
1 3 1 1 1 3 2
1 3 1 1 1 3 3
1 3 1 1 2 1 1
1 3 1 1 2 1 2
2 3 1 1 2 1 3
1 3 1 1 2 2 1
1 3 1 1 2 2 2
2 3 1 1 2 2 3
1 3 1 1 2 3 1
2 3 1 1 2 3 2
2 3 1 1 2 3 3
1 3 1 1 3 1 1
1 3 1 1 3 1 2
1 3 1 1 3 1 3
1 3 1 1 3 2 1
1 3 1 1 3 2 2
2 3 1 1 3 2 3
1 3 1 1 3 3 1
2 3 1 1 3 3 2
2 3 1 1 3 3 3
1 3 1 2 1 1 1
1 3 1 2 1 1 2
1 3 1 2 1 1 3
1 3 1 2 1 2 1
1 3 1 2 1 2 2
1 3 1 2 1 2 3
1 3 1 2 1 3 1
1 3 1 2 1 3 2
1 3 1 2 1 3 3
1 3 1 2 2 1 1
1 3 1 2 2 1 2
2 3 1 2 2 1 3
1 3 1 2 2 2 1
1 3 1 2 2 2 2
2 3 1 2 2 2 3
1 3 1 2 2 3 1
2 3 1 2 2 3 2
2 3 1 2 2 3 3
1 3 1 2 3 1 1
1 3 1 2 3 1 2
2 3 1 2 3 1 3
1 3 1 2 3 2 1
2 3 1 2 3 2 2
2 3 1 2 3 2 3
1 3 1 2 3 3 1
2 3 1 2 3 3 2
2 3 1 2 3 3 3
1 3 1 3 1 1 1
1 3 1 3 1 1 2
1 3 1 3 1 1 3
1 3 1 3 1 2 1
1 3 1 3 1 2 2
1 3 1 3 1 2 3
1 3 1 3 1 3 1
1 3 1 3 1 3 2
1 3 1 3 1 3 3
1 3 1 3 2 1 1
1 3 1 3 2 1 2
2 3 1 3 2 1 3
1 3 1 3 2 2 1
2 3 1 3 2 2 2
2 3 1 3 2 2 3
1 3 1 3 2 3 1
2 3 1 3 2 3 2
2 3 1 3 2 3 3
1 3 1 3 3 1 1
1 3 1 3 3 1 2
2 3 1 3 3 1 3
1 3 1 3 3 2 1
2 3 1 3 3 2 2
2 3 1 3 3 2 3
1 3 1 3 3 3 1
2 3 1 3 3 3 2
2 3 1 3 3 3 3
1 3 1 4 1 1 1
1 3 1 4 1 1 2
1 3 1 4 1 1 3
1 3 1 4 1 2 1
1 3 1 4 1 2 2
1 3 1 4 1 2 3
1 3 1 4 1 3 1
1 3 1 4 1 3 2
1 3 1 4 1 3 3
1 3 1 4 2 1 1
1 3 1 4 2 1 2
2 3 1 4 2 1 3
1 3 1 4 2 2 1
2 3 1 4 2 2 2
2 3 1 4 2 2 3
1 3 1 4 2 3 1
2 3 1 4 2 3 2
2 3 1 4 2 3 3
1 3 1 4 3 1 1
1 3 1 4 3 1 2
2 3 1 4 3 1 3
1 3 1 4 3 2 1
2 3 1 4 3 2 2
2 3 1 4 3 2 3
1 3 1 4 3 3 1
2 3 1 4 3 3 2
2 3 1 4 3 3 3
1 3 2 1 1 1 1
1 3 2 1 1 1 2
1 3 2 1 1 1 3
1 3 2 1 1 2 1
1 3 2 1 1 2 2
1 3 2 1 1 2 3
1 3 2 1 1 3 1
1 3 2 1 1 3 2
1 3 2 1 1 3 3
1 3 2 1 2 1 1
1 3 2 1 2 1 2
2 3 2 1 2 1 3
1 3 2 1 2 2 1
1 3 2 1 2 2 2
2 3 2 1 2 2 3
1 3 2 1 2 3 1
2 3 2 1 2 3 2
2 3 2 1 2 3 3
1 3 2 1 3 1 1
1 3 2 1 3 1 2
1 3 2 1 3 1 3
1 3 2 1 3 2 1
1 3 2 1 3 2 2
2 3 2 1 3 2 3
1 3 2 1 3 3 1
2 3 2 1 3 3 2
2 3 2 1 3 3 3
1 3 2 2 1 1 1
1 3 2 2 1 1 2
1 3 2 2 1 1 3
1 3 2 2 1 2 1
1 3 2 2 1 2 2
1 3 2 2 1 2 3
1 3 2 2 1 3 1
1 3 2 2 1 3 2
1 3 2 2 1 3 3
1 3 2 2 2 1 1
1 3 2 2 2 1 2
2 3 2 2 2 1 3
1 3 2 2 2 2 1
1 3 2 2 2 2 2
2 3 2 2 2 2 3
1 3 2 2 2 3 1
2 3 2 2 2 3 2
2 3 2 2 2 3 3
1 3 2 2 3 1 1
1 3 2 2 3 1 2
2 3 2 2 3 1 3
1 3 2 2 3 2 1
2 3 2 2 3 2 2
2 3 2 2 3 2 3
1 3 2 2 3 3 1
2 3 2 2 3 3 2
2 3 2 2 3 3 3
1 3 2 3 1 1 1
1 3 2 3 1 1 2
1 3 2 3 1 1 3
1 3 2 3 1 2 1
1 3 2 3 1 2 2
1 3 2 3 1 2 3
1 3 2 3 1 3 1
1 3 2 3 1 3 2
1 3 2 3 1 3 3
1 3 2 3 2 1 1
1 3 2 3 2 1 2
2 3 2 3 2 1 3
1 3 2 3 2 2 1
2 3 2 3 2 2 2
2 3 2 3 2 2 3
1 3 2 3 2 3 1
2 3 2 3 2 3 2
2 3 2 3 2 3 3
1 3 2 3 3 1 1
1 3 2 3 3 1 2
2 3 2 3 3 1 3
1 3 2 3 3 2 1
2 3 2 3 3 2 2
2 3 2 3 3 2 3
1 3 2 3 3 3 1
2 3 2 3 3 3 2
2 3 2 3 3 3 3
1 3 2 4 1 1 1
1 3 2 4 1 1 2
1 3 2 4 1 1 3
1 3 2 4 1 2 1
1 3 2 4 1 2 2
1 3 2 4 1 2 3
1 3 2 4 1 3 1
1 3 2 4 1 3 2
1 3 2 4 1 3 3
1 3 2 4 2 1 1
1 3 2 4 2 1 2
2 3 2 4 2 1 3
1 3 2 4 2 2 1
2 3 2 4 2 2 2
2 3 2 4 2 2 3
1 3 2 4 2 3 1
2 3 2 4 2 3 2
2 3 2 4 2 3 3
1 3 2 4 3 1 1
1 3 2 4 3 1 2
2 3 2 4 3 1 3
1 3 2 4 3 2 1
2 3 2 4 3 2 2
2 3 2 4 3 2 3
1 3 2 4 3 3 1
2 3 2 4 3 3 2
2 3 2 4 3 3 3
1 3 3 1 1 1 1
1 3 3 1 1 1 2
1 3 3 1 1 1 3
1 3 3 1 1 2 1
1 3 3 1 1 2 2
1 3 3 1 1 2 3
1 3 3 1 1 3 1
1 3 3 1 1 3 2
1 3 3 1 1 3 3
1 3 3 1 2 1 1
2 3 3 1 2 1 2
2 3 3 1 2 1 3
1 3 3 1 2 2 1
2 3 3 1 2 2 2
2 3 3 1 2 2 3
1 3 3 1 2 3 1
2 3 3 1 2 3 2
4 3 3 1 2 3 3
1 3 3 1 3 1 1
1 3 3 1 3 1 2
1 3 3 1 3 1 3
1 3 3 1 3 2 1
2 3 3 1 3 2 2
2 3 3 1 3 2 3
1 3 3 1 3 3 1
2 3 3 1 3 3 2
4 3 3 1 3 3 3
1 3 3 2 1 1 1
1 3 3 2 1 1 2
1 3 3 2 1 1 3
1 3 3 2 1 2 1
1 3 3 2 1 2 2
1 3 3 2 1 2 3
1 3 3 2 1 3 1
1 3 3 2 1 3 2
1 3 3 2 1 3 3
1 3 3 2 2 1 1
2 3 3 2 2 1 2
2 3 3 2 2 1 3
1 3 3 2 2 2 1
2 3 3 2 2 2 2
2 3 3 2 2 2 3
1 3 3 2 2 3 1
2 3 3 2 2 3 2
4 3 3 2 2 3 3
1 3 3 2 3 1 1
2 3 3 2 3 1 2
2 3 3 2 3 1 3
1 3 3 2 3 2 1
2 3 3 2 3 2 2
4 3 3 2 3 2 3
1 3 3 2 3 3 1
2 3 3 2 3 3 2
4 3 3 2 3 3 3
1 3 3 3 1 1 1
1 3 3 3 1 1 2
1 3 3 3 1 1 3
1 3 3 3 1 2 1
1 3 3 3 1 2 2
1 3 3 3 1 2 3
1 3 3 3 1 3 1
1 3 3 3 1 3 2
1 3 3 3 1 3 3
1 3 3 3 2 1 1
2 3 3 3 2 1 2
2 3 3 3 2 1 3
1 3 3 3 2 2 1
2 3 3 3 2 2 2
4 3 3 3 2 2 3
1 3 3 3 2 3 1
2 3 3 3 2 3 2
4 3 3 3 2 3 3
1 3 3 3 3 1 1
2 3 3 3 3 1 2
2 3 3 3 3 1 3
1 3 3 3 3 2 1
2 3 3 3 3 2 2
4 3 3 3 3 2 3
1 3 3 3 3 3 1
2 3 3 3 3 3 2
4 3 3 3 3 3 3
1 3 3 4 1 1 1
1 3 3 4 1 1 2
1 3 3 4 1 1 3
1 3 3 4 1 2 1
1 3 3 4 1 2 2
1 3 3 4 1 2 3
1 3 3 4 1 3 1
1 3 3 4 1 3 2
1 3 3 4 1 3 3
1 3 3 4 2 1 1
2 3 3 4 2 1 2
2 3 3 4 2 1 3
1 3 3 4 2 2 1
2 3 3 4 2 2 2
4 3 3 4 2 2 3
1 3 3 4 2 3 1
2 3 3 4 2 3 2
4 3 3 4 2 3 3
1 3 3 4 3 1 1
2 3 3 4 3 1 2
2 3 3 4 3 1 3
1 3 3 4 3 2 1
2 3 3 4 3 2 2
4 3 3 4 3 2 3
1 3 3 4 3 3 1
2 3 3 4 3 3 2
4 3 3 4 3 3 3
1 3 4 1 1 1 1
1 3 4 1 1 1 2
1 3 4 1 1 1 3
1 3 4 1 1 2 1
1 3 4 1 1 2 2
1 3 4 1 1 2 3
1 3 4 1 1 3 1
1 3 4 1 1 3 2
1 3 4 1 1 3 3
1 3 4 1 2 1 1
2 3 4 1 2 1 2
3 3 4 1 2 1 3
1 3 4 1 2 2 1
2 3 4 1 2 2 2
3 3 4 1 2 2 3
1 3 4 1 2 3 1
3 3 4 1 2 3 2
4 3 4 1 2 3 3
1 3 4 1 3 1 1
1 3 4 1 3 1 2
1 3 4 1 3 1 3
1 3 4 1 3 2 1
2 3 4 1 3 2 2
3 3 4 1 3 2 3
1 3 4 1 3 3 1
3 3 4 1 3 3 2
4 3 4 1 3 3 3
1 3 4 2 1 1 1
1 3 4 2 1 1 2
1 3 4 2 1 1 3
1 3 4 2 1 2 1
1 3 4 2 1 2 2
1 3 4 2 1 2 3
1 3 4 2 1 3 1
1 3 4 2 1 3 2
1 3 4 2 1 3 3
1 3 4 2 2 1 1
2 3 4 2 2 1 2
3 3 4 2 2 1 3
1 3 4 2 2 2 1
2 3 4 2 2 2 2
3 3 4 2 2 2 3
1 3 4 2 2 3 1
3 3 4 2 2 3 2
4 3 4 2 2 3 3
1 3 4 2 3 1 1
2 3 4 2 3 1 2
3 3 4 2 3 1 3
1 3 4 2 3 2 1
3 3 4 2 3 2 2
4 3 4 2 3 2 3
1 3 4 2 3 3 1
3 3 4 2 3 3 2
4 3 4 2 3 3 3
1 3 4 3 1 1 1
1 3 4 3 1 1 2
1 3 4 3 1 1 3
1 3 4 3 1 2 1
1 3 4 3 1 2 2
1 3 4 3 1 2 3
1 3 4 3 1 3 1
1 3 4 3 1 3 2
1 3 4 3 1 3 3
1 3 4 3 2 1 1
2 3 4 3 2 1 2
3 3 4 3 2 1 3
1 3 4 3 2 2 1
3 3 4 3 2 2 2
4 3 4 3 2 2 3
1 3 4 3 2 3 1
3 3 4 3 2 3 2
4 3 4 3 2 3 3
1 3 4 3 3 1 1
2 3 4 3 3 1 2
3 3 4 3 3 1 3
1 3 4 3 3 2 1
3 3 4 3 3 2 2
4 3 4 3 3 2 3
1 3 4 3 3 3 1
3 3 4 3 3 3 2
4 3 4 3 3 3 3
1 3 4 4 1 1 1
1 3 4 4 1 1 2
1 3 4 4 1 1 3
1 3 4 4 1 2 1
1 3 4 4 1 2 2
1 3 4 4 1 2 3
1 3 4 4 1 3 1
1 3 4 4 1 3 2
1 3 4 4 1 3 3
1 3 4 4 2 1 1
2 3 4 4 2 1 2
3 3 4 4 2 1 3
1 3 4 4 2 2 1
3 3 4 4 2 2 2
4 3 4 4 2 2 3
1 3 4 4 2 3 1
3 3 4 4 2 3 2
4 3 4 4 2 3 3
1 3 4 4 3 1 1
2 3 4 4 3 1 2
3 3 4 4 3 1 3
1 3 4 4 3 2 1
3 3 4 4 3 2 2
4 3 4 4 3 2 3
1 3 4 4 3 3 1
3 3 4 4 3 3 2
4 3 4 4 3 3 3
1 4 1 1 1 1 1
1 4 1 1 1 1 2
1 4 1 1 1 1 3
1 4 1 1 1 2 1
1 4 1 1 1 2 2
1 4 1 1 1 2 3
1 4 1 1 1 3 1
1 4 1 1 1 3 2
1 4 1 1 1 3 3
1 4 1 1 2 1 1
1 4 1 1 2 1 2
2 4 1 1 2 1 3
1 4 1 1 2 2 1
1 4 1 1 2 2 2
2 4 1 1 2 2 3
1 4 1 1 2 3 1
2 4 1 1 2 3 2
2 4 1 1 2 3 3
1 4 1 1 3 1 1
1 4 1 1 3 1 2
1 4 1 1 3 1 3
1 4 1 1 3 2 1
1 4 1 1 3 2 2
2 4 1 1 3 2 3
1 4 1 1 3 3 1
2 4 1 1 3 3 2
2 4 1 1 3 3 3
1 4 1 2 1 1 1
1 4 1 2 1 1 2
1 4 1 2 1 1 3
1 4 1 2 1 2 1
1 4 1 2 1 2 2
1 4 1 2 1 2 3
1 4 1 2 1 3 1
1 4 1 2 1 3 2
1 4 1 2 1 3 3
1 4 1 2 2 1 1
1 4 1 2 2 1 2
2 4 1 2 2 1 3
1 4 1 2 2 2 1
1 4 1 2 2 2 2
2 4 1 2 2 2 3
1 4 1 2 2 3 1
2 4 1 2 2 3 2
2 4 1 2 2 3 3
1 4 1 2 3 1 1
1 4 1 2 3 1 2
2 4 1 2 3 1 3
1 4 1 2 3 2 1
2 4 1 2 3 2 2
2 4 1 2 3 2 3
1 4 1 2 3 3 1
2 4 1 2 3 3 2
2 4 1 2 3 3 3
1 4 1 3 1 1 1
1 4 1 3 1 1 2
1 4 1 3 1 1 3
1 4 1 3 1 2 1
1 4 1 3 1 2 2
1 4 1 3 1 2 3
1 4 1 3 1 3 1
1 4 1 3 1 3 2
1 4 1 3 1 3 3
1 4 1 3 2 1 1
1 4 1 3 2 1 2
2 4 1 3 2 1 3
1 4 1 3 2 2 1
2 4 1 3 2 2 2
2 4 1 3 2 2 3
1 4 1 3 2 3 1
2 4 1 3 2 3 2
2 4 1 3 2 3 3
1 4 1 3 3 1 1
1 4 1 3 3 1 2
2 4 1 3 3 1 3
1 4 1 3 3 2 1
2 4 1 3 3 2 2
2 4 1 3 3 2 3
1 4 1 3 3 3 1
2 4 1 3 3 3 2
2 4 1 3 3 3 3
1 4 1 4 1 1 1
1 4 1 4 1 1 2
1 4 1 4 1 1 3
1 4 1 4 1 2 1
1 4 1 4 1 2 2
1 4 1 4 1 2 3
1 4 1 4 1 3 1
1 4 1 4 1 3 2
1 4 1 4 1 3 3
1 4 1 4 2 1 1
1 4 1 4 2 1 2
2 4 1 4 2 1 3
1 4 1 4 2 2 1
2 4 1 4 2 2 2
2 4 1 4 2 2 3
1 4 1 4 2 3 1
2 4 1 4 2 3 2
2 4 1 4 2 3 3
1 4 1 4 3 1 1
1 4 1 4 3 1 2
2 4 1 4 3 1 3
1 4 1 4 3 2 1
2 4 1 4 3 2 2
2 4 1 4 3 2 3
1 4 1 4 3 3 1
2 4 1 4 3 3 2
2 4 1 4 3 3 3
1 4 2 1 1 1 1
1 4 2 1 1 1 2
1 4 2 1 1 1 3
1 4 2 1 1 2 1
1 4 2 1 1 2 2
1 4 2 1 1 2 3
1 4 2 1 1 3 1
1 4 2 1 1 3 2
1 4 2 1 1 3 3
1 4 2 1 2 1 1
2 4 2 1 2 1 2
2 4 2 1 2 1 3
1 4 2 1 2 2 1
2 4 2 1 2 2 2
2 4 2 1 2 2 3
1 4 2 1 2 3 1
2 4 2 1 2 3 2
4 4 2 1 2 3 3
1 4 2 1 3 1 1
1 4 2 1 3 1 2
1 4 2 1 3 1 3
1 4 2 1 3 2 1
2 4 2 1 3 2 2
2 4 2 1 3 2 3
1 4 2 1 3 3 1
2 4 2 1 3 3 2
4 4 2 1 3 3 3
1 4 2 2 1 1 1
1 4 2 2 1 1 2
1 4 2 2 1 1 3
1 4 2 2 1 2 1
1 4 2 2 1 2 2
1 4 2 2 1 2 3
1 4 2 2 1 3 1
1 4 2 2 1 3 2
1 4 2 2 1 3 3
1 4 2 2 2 1 1
2 4 2 2 2 1 2
2 4 2 2 2 1 3
1 4 2 2 2 2 1
2 4 2 2 2 2 2
2 4 2 2 2 2 3
1 4 2 2 2 3 1
2 4 2 2 2 3 2
4 4 2 2 2 3 3
1 4 2 2 3 1 1
2 4 2 2 3 1 2
2 4 2 2 3 1 3
1 4 2 2 3 2 1
2 4 2 2 3 2 2
4 4 2 2 3 2 3
1 4 2 2 3 3 1
2 4 2 2 3 3 2
4 4 2 2 3 3 3
1 4 2 3 1 1 1
1 4 2 3 1 1 2
1 4 2 3 1 1 3
1 4 2 3 1 2 1
1 4 2 3 1 2 2
1 4 2 3 1 2 3
1 4 2 3 1 3 1
1 4 2 3 1 3 2
1 4 2 3 1 3 3
1 4 2 3 2 1 1
2 4 2 3 2 1 2
2 4 2 3 2 1 3
1 4 2 3 2 2 1
2 4 2 3 2 2 2
4 4 2 3 2 2 3
1 4 2 3 2 3 1
2 4 2 3 2 3 2
4 4 2 3 2 3 3
1 4 2 3 3 1 1
2 4 2 3 3 1 2
2 4 2 3 3 1 3
1 4 2 3 3 2 1
2 4 2 3 3 2 2
4 4 2 3 3 2 3
1 4 2 3 3 3 1
2 4 2 3 3 3 2
4 4 2 3 3 3 3
1 4 2 4 1 1 1
1 4 2 4 1 1 2
1 4 2 4 1 1 3
1 4 2 4 1 2 1
1 4 2 4 1 2 2
1 4 2 4 1 2 3
1 4 2 4 1 3 1
1 4 2 4 1 3 2
1 4 2 4 1 3 3
1 4 2 4 2 1 1
2 4 2 4 2 1 2
2 4 2 4 2 1 3
1 4 2 4 2 2 1
2 4 2 4 2 2 2
4 4 2 4 2 2 3
1 4 2 4 2 3 1
2 4 2 4 2 3 2
4 4 2 4 2 3 3
1 4 2 4 3 1 1
2 4 2 4 3 1 2
2 4 2 4 3 1 3
1 4 2 4 3 2 1
2 4 2 4 3 2 2
4 4 2 4 3 2 3
1 4 2 4 3 3 1
2 4 2 4 3 3 2
4 4 2 4 3 3 3
1 4 3 1 1 1 1
1 4 3 1 1 1 2
1 4 3 1 1 1 3
1 4 3 1 1 2 1
1 4 3 1 1 2 2
1 4 3 1 1 2 3
1 4 3 1 1 3 1
1 4 3 1 1 3 2
1 4 3 1 1 3 3
1 4 3 1 2 1 1
2 4 3 1 2 1 2
3 4 3 1 2 1 3
1 4 3 1 2 2 1
2 4 3 1 2 2 2
3 4 3 1 2 2 3
1 4 3 1 2 3 1
3 4 3 1 2 3 2
4 4 3 1 2 3 3
1 4 3 1 3 1 1
1 4 3 1 3 1 2
1 4 3 1 3 1 3
1 4 3 1 3 2 1
2 4 3 1 3 2 2
3 4 3 1 3 2 3
1 4 3 1 3 3 1
3 4 3 1 3 3 2
4 4 3 1 3 3 3
1 4 3 2 1 1 1
1 4 3 2 1 1 2
1 4 3 2 1 1 3
1 4 3 2 1 2 1
1 4 3 2 1 2 2
1 4 3 2 1 2 3
1 4 3 2 1 3 1
1 4 3 2 1 3 2
1 4 3 2 1 3 3
1 4 3 2 2 1 1
2 4 3 2 2 1 2
3 4 3 2 2 1 3
1 4 3 2 2 2 1
2 4 3 2 2 2 2
3 4 3 2 2 2 3
1 4 3 2 2 3 1
3 4 3 2 2 3 2
4 4 3 2 2 3 3
1 4 3 2 3 1 1
2 4 3 2 3 1 2
3 4 3 2 3 1 3
1 4 3 2 3 2 1
3 4 3 2 3 2 2
4 4 3 2 3 2 3
1 4 3 2 3 3 1
3 4 3 2 3 3 2
4 4 3 2 3 3 3
1 4 3 3 1 1 1
1 4 3 3 1 1 2
1 4 3 3 1 1 3
1 4 3 3 1 2 1
1 4 3 3 1 2 2
1 4 3 3 1 2 3
1 4 3 3 1 3 1
1 4 3 3 1 3 2
1 4 3 3 1 3 3
1 4 3 3 2 1 1
2 4 3 3 2 1 2
3 4 3 3 2 1 3
1 4 3 3 2 2 1
3 4 3 3 2 2 2
4 4 3 3 2 2 3
1 4 3 3 2 3 1
3 4 3 3 2 3 2
4 4 3 3 2 3 3
1 4 3 3 3 1 1
2 4 3 3 3 1 2
3 4 3 3 3 1 3
1 4 3 3 3 2 1
3 4 3 3 3 2 2
4 4 3 3 3 2 3
1 4 3 3 3 3 1
3 4 3 3 3 3 2
4 4 3 3 3 3 3
1 4 3 4 1 1 1
1 4 3 4 1 1 2
1 4 3 4 1 1 3
1 4 3 4 1 2 1
1 4 3 4 1 2 2
1 4 3 4 1 2 3
1 4 3 4 1 3 1
1 4 3 4 1 3 2
1 4 3 4 1 3 3
1 4 3 4 2 1 1
2 4 3 4 2 1 2
3 4 3 4 2 1 3
1 4 3 4 2 2 1
3 4 3 4 2 2 2
4 4 3 4 2 2 3
1 4 3 4 2 3 1
3 4 3 4 2 3 2
4 4 3 4 2 3 3
1 4 3 4 3 1 1
2 4 3 4 3 1 2
3 4 3 4 3 1 3
1 4 3 4 3 2 1
3 4 3 4 3 2 2
4 4 3 4 3 2 3
1 4 3 4 3 3 1
3 4 3 4 3 3 2
4 4 3 4 3 3 3
1 4 4 1 1 1 1
1 4 4 1 1 1 2
1 4 4 1 1 1 3
1 4 4 1 1 2 1
1 4 4 1 1 2 2
1 4 4 1 1 2 3
1 4 4 1 1 3 1
1 4 4 1 1 3 2
1 4 4 1 1 3 3
1 4 4 1 2 1 1
2 4 4 1 2 1 2
3 4 4 1 2 1 3
1 4 4 1 2 2 1
2 4 4 1 2 2 2
3 4 4 1 2 2 3
1 4 4 1 2 3 1
3 4 4 1 2 3 2
4 4 4 1 2 3 3
1 4 4 1 3 1 1
1 4 4 1 3 1 2
1 4 4 1 3 1 3
1 4 4 1 3 2 1
2 4 4 1 3 2 2
3 4 4 1 3 2 3
1 4 4 1 3 3 1
3 4 4 1 3 3 2
4 4 4 1 3 3 3
1 4 4 2 1 1 1
1 4 4 2 1 1 2
1 4 4 2 1 1 3
1 4 4 2 1 2 1
1 4 4 2 1 2 2
1 4 4 2 1 2 3
1 4 4 2 1 3 1
1 4 4 2 1 3 2
1 4 4 2 1 3 3
1 4 4 2 2 1 1
2 4 4 2 2 1 2
3 4 4 2 2 1 3
1 4 4 2 2 2 1
2 4 4 2 2 2 2
3 4 4 2 2 2 3
1 4 4 2 2 3 1
3 4 4 2 2 3 2
4 4 4 2 2 3 3
1 4 4 2 3 1 1
2 4 4 2 3 1 2
3 4 4 2 3 1 3
1 4 4 2 3 2 1
3 4 4 2 3 2 2
4 4 4 2 3 2 3
1 4 4 2 3 3 1
3 4 4 2 3 3 2
4 4 4 2 3 3 3
1 4 4 3 1 1 1
1 4 4 3 1 1 2
1 4 4 3 1 1 3
1 4 4 3 1 2 1
1 4 4 3 1 2 2
1 4 4 3 1 2 3
1 4 4 3 1 3 1
1 4 4 3 1 3 2
1 4 4 3 1 3 3
1 4 4 3 2 1 1
2 4 4 3 2 1 2
3 4 4 3 2 1 3
1 4 4 3 2 2 1
3 4 4 3 2 2 2
4 4 4 3 2 2 3
1 4 4 3 2 3 1
3 4 4 3 2 3 2
4 4 4 3 2 3 3
1 4 4 3 3 1 1
2 4 4 3 3 1 2
3 4 4 3 3 1 3
1 4 4 3 3 2 1
3 4 4 3 3 2 2
4 4 4 3 3 2 3
1 4 4 3 3 3 1
3 4 4 3 3 3 2
4 4 4 3 3 3 3
1 4 4 4 1 1 1
1 4 4 4 1 1 2
1 4 4 4 1 1 3
1 4 4 4 1 2 1
1 4 4 4 1 2 2
1 4 4 4 1 2 3
1 4 4 4 1 3 1
1 4 4 4 1 3 2
1 4 4 4 1 3 3
1 4 4 4 2 1 1
2 4 4 4 2 1 2
3 4 4 4 2 1 3
1 4 4 4 2 2 1
3 4 4 4 2 2 2
4 4 4 4 2 2 3
1 4 4 4 2 3 1
3 4 4 4 2 3 2
4 4 4 4 2 3 3
1 4 4 4 3 1 1
2 4 4 4 3 1 2
3 4 4 4 3 1 3
1 4 4 4 3 2 1
3 4 4 4 3 2 2
4 4 4 4 3 2 3
1 4 4 4 3 3 1
3 4 4 4 3 3 2
4 4 4 4 3 3 3
