DATASET: indian2

Test inputs: 
[55.0, 2.0, 0.7, 0.2, 290.0, 53.0, 58.0, 6.8, 3.4, 1.0] [48.0, 2.0, 5.8, 2.5, 802.0, 133.0, 88.0, 6.0, 2.8, 0.8] [12.0, 2.0, 0.8, 0.2, 302.0, 47.0, 67.0, 6.7, 3.5, 1.1] [72.0, 2.0, 0.6, 0.1, 102.0, 31.0, 35.0, 6.3, 3.2, 1.0] [50.0, 1.0, 1.0, 0.5, 239.0, 16.0, 39.0, 7.5, 3.7, 0.9] [62.0, 2.0, 7.3, 4.1, 490.0, 60.0, 68.0, 7.0, 3.3, 0.89] [15.0, 2.0, 0.8, 0.2, 380.0, 25.0, 66.0, 6.1, 3.7, 1.5] [67.0, 2.0, 2.2, 1.1, 198.0, 42.0, 39.0, 7.2, 3.0, 0.7] [16.0, 2.0, 2.6, 1.2, 236.0, 131.0, 90.0, 5.4, 2.6, 0.9] [26.0, 1.0, 0.7, 0.2, 144.0, 36.0, 33.0, 8.2, 4.3, 1.1] [49.0, 1.0, 0.6, 0.1, 185.0, 17.0, 26.0, 6.6, 2.9, 0.7] [32.0, 2.0, 30.5, 17.1, 218.0, 39.0, 79.0, 5.5, 2.7, 0.9] [66.0, 2.0, 11.3, 5.6, 1110.0, 1250.0, 4929.0, 7.0, 2.4, 0.5] [29.0, 1.0, 0.8, 0.2, 205.0, 30.0, 23.0, 8.2, 4.1, 1.0] [24.0, 2.0, 3.3, 1.6, 174.0, 11.0, 33.0, 7.6, 3.9, 1.0] [57.0, 2.0, 1.3, 0.4, 259.0, 40.0, 86.0, 6.5, 2.5, 0.6] [60.0, 2.0, 5.8, 3.0, 257.0, 107.0, 104.0, 6.6, 3.5, 1.12] [50.0, 2.0, 7.3, 3.7, 92.0, 44.0, 236.0, 6.8, 1.6, 0.3] [75.0, 1.0, 0.8, 0.2, 205.0, 27.0, 24.0, 4.4, 2.0, 0.8] [22.0, 2.0, 2.4, 1.0, 340.0, 25.0, 21.0, 8.3, 4.5, 1.1] [29.0, 1.0, 0.9, 0.3, 202.0, 14.0, 11.0, 6.7, 3.6, 1.1] [11.0, 2.0, 0.7, 0.1, 592.0, 26.0, 29.0, 7.1, 4.2, 1.4] [78.0, 2.0, 1.0, 0.3, 152.0, 28.0, 70.0, 6.3, 3.1, 0.9] [45.0, 2.0, 3.2, 1.4, 512.0, 50.0, 58.0, 6.0, 2.7, 0.8] [50.0, 2.0, 2.6, 1.2, 415.0, 407.0, 576.0, 6.4, 3.2, 1.0] [22.0, 2.0, 0.6, 0.2, 202.0, 78.0, 41.0, 8.0, 3.9, 0.9] [61.0, 2.0, 0.7, 0.2, 145.0, 53.0, 41.0, 5.8, 2.7, 0.87] [30.0, 2.0, 1.6, 0.4, 332.0, 84.0, 139.0, 5.6, 2.7, 0.9] [35.0, 2.0, 1.8, 0.6, 275.0, 48.0, 178.0, 6.5, 3.2, 0.9] [24.0, 1.0, 0.9, 0.2, 195.0, 40.0, 35.0, 7.4, 4.1, 1.2] [36.0, 2.0, 1.7, 0.5, 205.0, 36.0, 34.0, 7.1, 3.9, 1.2] [32.0, 2.0, 15.9, 7.0, 280.0, 1350.0, 1600.0, 5.6, 2.8, 1.0] [40.0, 2.0, 0.9, 0.3, 196.0, 69.0, 48.0, 6.8, 3.1, 0.8] [33.0, 2.0, 0.7, 0.1, 168.0, 35.0, 33.0, 7.0, 3.7, 1.1] [90.0, 2.0, 1.1, 0.3, 215.0, 46.0, 134.0, 6.9, 3.0, 0.7] [46.0, 2.0, 1.8, 0.7, 208.0, 19.0, 14.0, 7.6, 4.4, 1.3] [74.0, 2.0, 0.6, 0.1, 272.0, 24.0, 98.0, 5.0, 2.0, 0.6] [28.0, 1.0, 0.6, 0.1, 137.0, 22.0, 16.0, 4.9, 1.9, 0.6] [38.0, 2.0, 0.9, 0.3, 310.0, 15.0, 25.0, 5.5, 2.7, 1.0] [40.0, 2.0, 1.9, 1.0, 231.0, 16.0, 55.0, 4.3, 1.6, 0.6] [60.0, 2.0, 0.6, 0.1, 186.0, 20.0, 21.0, 6.2, 3.3, 1.1] [35.0, 1.0, 1.0, 0.3, 805.0, 133.0, 103.0, 7.9, 3.3, 0.7] [58.0, 1.0, 1.7, 0.8, 1896.0, 61.0, 83.0, 8.0, 3.9, 0.95] [50.0, 2.0, 5.8, 3.0, 661.0, 181.0, 285.0, 5.7, 2.3, 0.67] [64.0, 2.0, 0.9, 0.3, 310.0, 61.0, 58.0, 7.0, 3.4, 0.9] [30.0, 1.0, 0.7, 0.2, 194.0, 32.0, 36.0, 7.5, 3.6, 0.92] [49.0, 2.0, 1.0, 0.3, 230.0, 48.0, 58.0, 8.4, 4.2, 1.0] [63.0, 2.0, 0.5, 0.1, 170.0, 21.0, 28.0, 5.5, 2.5, 0.8] [46.0, 2.0, 0.6, 0.2, 115.0, 14.0, 11.0, 6.9, 3.4, 0.9] [50.0, 2.0, 0.8, 0.2, 152.0, 29.0, 30.0, 7.4, 4.1, 1.3] [69.0, 1.0, 0.8, 0.2, 146.0, 42.0, 70.0, 8.4, 4.9, 1.4] [38.0, 2.0, 1.7, 0.7, 859.0, 89.0, 48.0, 6.0, 3.0, 1.0] [48.0, 2.0, 0.7, 0.2, 165.0, 32.0, 30.0, 8.0, 4.0, 1.0] [20.0, 1.0, 16.7, 8.4, 200.0, 91.0, 101.0, 6.9, 3.5, 1.02] [55.0, 2.0, 0.8, 0.2, 290.0, 139.0, 87.0, 7.0, 3.0, 0.7] [25.0, 1.0, 0.9, 0.3, 159.0, 24.0, 25.0, 6.9, 4.4, 1.7] [7.0, 2.0, 0.5, 0.1, 352.0, 28.0, 51.0, 7.9, 4.2, 1.1] [13.0, 1.0, 0.7, 0.2, 350.0, 17.0, 24.0, 7.4, 4.0, 1.1] [48.0, 1.0, 1.1, 0.7, 527.0, 178.0, 250.0, 8.0, 4.2, 1.1] 
Test expected outputs: 
[1] [1] [2] [1] [1] [1] [1] [1] [1] [1] [2] [1] [1] [1] [2] [1] [1] [1] [1] [1] [1] [2] [1] [1] [1] [1] [1] [1] [2] [2] [1] [1] [1] [1] [1] [1] [1] [2] [1] [1] [2] [1] [1] [2] [2] [2] [1] [1] [1] [1] [2] [1] [2] [1] [1] [2] [2] [1] [1] 
ALGORITHM | Generations | learnrate | momentum | Threshold 
   B      |     10000      |  0.3  |  0.5  |   10.0     

Set starting node vals
None 

Test Input: [55.0, 2.0, 0.7, 0.2, 290.0, 53.0, 58.0, 6.8, 3.4, 1.0]

Test results: [1.3134568080100602]

Set starting node vals
None 

Test Input: [48.0, 2.0, 5.8, 2.5, 802.0, 133.0, 88.0, 6.0, 2.8, 0.8]

Test results: [1.3134568080100602]

Set starting node vals
None 

Test Input: [12.0, 2.0, 0.8, 0.2, 302.0, 47.0, 67.0, 6.7, 3.5, 1.1]

Test results: [1.3134568080100602]

Set starting node vals
None 

Test Input: [72.0, 2.0, 0.6, 0.1, 102.0, 31.0, 35.0, 6.3, 3.2, 1.0]

Test results: [1.3134568080100602]

Set starting node vals
None 

Test Input: [50.0, 1.0, 1.0, 0.5, 239.0, 16.0, 39.0, 7.5, 3.7, 0.9]

Test results: [1.3134568080100602]

Set starting node vals
None 

Test Input: [62.0, 2.0, 7.3, 4.1, 490.0, 60.0, 68.0, 7.0, 3.3, 0.89]

Test results: [1.3134568080100602]

Set starting node vals
None 

Test Input: [15.0, 2.0, 0.8, 0.2, 380.0, 25.0, 66.0, 6.1, 3.7, 1.5]

Test results: [1.3134568080100602]

Set starting node vals
None 

Test Input: [67.0, 2.0, 2.2, 1.1, 198.0, 42.0, 39.0, 7.2, 3.0, 0.7]

Test results: [1.3134568080100602]

Set starting node vals
None 

Test Input: [16.0, 2.0, 2.6, 1.2, 236.0, 131.0, 90.0, 5.4, 2.6, 0.9]

Test results: [1.3134568080100602]

Set starting node vals
None 

Test Input: [26.0, 1.0, 0.7, 0.2, 144.0, 36.0, 33.0, 8.2, 4.3, 1.1]

Test results: [1.3134568080100602]

Set starting node vals
None 

Test Input: [49.0, 1.0, 0.6, 0.1, 185.0, 17.0, 26.0, 6.6, 2.9, 0.7]

Test results: [1.3134568080100602]

Set starting node vals
None 

Test Input: [32.0, 2.0, 30.5, 17.1, 218.0, 39.0, 79.0, 5.5, 2.7, 0.9]

Test results: [1.3134568080100602]

Set starting node vals
None 

Test Input: [66.0, 2.0, 11.3, 5.6, 1110.0, 1250.0, 4929.0, 7.0, 2.4, 0.5]

Test results: [1.3134568080100602]

Set starting node vals
None 

Test Input: [29.0, 1.0, 0.8, 0.2, 205.0, 30.0, 23.0, 8.2, 4.1, 1.0]

Test results: [1.3134568080100602]

Set starting node vals
None 

Test Input: [24.0, 2.0, 3.3, 1.6, 174.0, 11.0, 33.0, 7.6, 3.9, 1.0]

Test results: [1.3134568080100602]

Set starting node vals
None 

Test Input: [57.0, 2.0, 1.3, 0.4, 259.0, 40.0, 86.0, 6.5, 2.5, 0.6]

Test results: [1.3134568080100602]

Set starting node vals
None 

Test Input: [60.0, 2.0, 5.8, 3.0, 257.0, 107.0, 104.0, 6.6, 3.5, 1.12]

Test results: [1.3134568080100602]

Set starting node vals
None 

Test Input: [50.0, 2.0, 7.3, 3.7, 92.0, 44.0, 236.0, 6.8, 1.6, 0.3]

Test results: [1.3134568080100602]

Set starting node vals
None 

Test Input: [75.0, 1.0, 0.8, 0.2, 205.0, 27.0, 24.0, 4.4, 2.0, 0.8]

Test results: [1.3134568080100602]

Set starting node vals
None 

Test Input: [22.0, 2.0, 2.4, 1.0, 340.0, 25.0, 21.0, 8.3, 4.5, 1.1]

Test results: [1.3134568080100602]

Set starting node vals
None 

Test Input: [29.0, 1.0, 0.9, 0.3, 202.0, 14.0, 11.0, 6.7, 3.6, 1.1]

Test results: [1.3134568080100602]

Set starting node vals
None 

Test Input: [11.0, 2.0, 0.7, 0.1, 592.0, 26.0, 29.0, 7.1, 4.2, 1.4]

Test results: [1.3134568080100602]

Set starting node vals
None 

Test Input: [78.0, 2.0, 1.0, 0.3, 152.0, 28.0, 70.0, 6.3, 3.1, 0.9]

Test results: [1.3134568080100602]

Set starting node vals
None 

Test Input: [45.0, 2.0, 3.2, 1.4, 512.0, 50.0, 58.0, 6.0, 2.7, 0.8]

Test results: [1.3134568080100602]

Set starting node vals
None 

Test Input: [50.0, 2.0, 2.6, 1.2, 415.0, 407.0, 576.0, 6.4, 3.2, 1.0]

Test results: [1.3134568080100602]

Set starting node vals
None 

Test Input: [22.0, 2.0, 0.6, 0.2, 202.0, 78.0, 41.0, 8.0, 3.9, 0.9]

Test results: [1.3134568080100602]

Set starting node vals
None 

Test Input: [61.0, 2.0, 0.7, 0.2, 145.0, 53.0, 41.0, 5.8, 2.7, 0.87]

Test results: [1.3134568080100602]

Set starting node vals
None 

Test Input: [30.0, 2.0, 1.6, 0.4, 332.0, 84.0, 139.0, 5.6, 2.7, 0.9]

Test results: [1.3134568080100602]

Set starting node vals
None 

Test Input: [35.0, 2.0, 1.8, 0.6, 275.0, 48.0, 178.0, 6.5, 3.2, 0.9]

Test results: [1.3134568080100602]

Set starting node vals
None 

Test Input: [24.0, 1.0, 0.9, 0.2, 195.0, 40.0, 35.0, 7.4, 4.1, 1.2]

Test results: [1.3134568080100602]

Set starting node vals
None 

Test Input: [36.0, 2.0, 1.7, 0.5, 205.0, 36.0, 34.0, 7.1, 3.9, 1.2]

Test results: [1.3134568080100602]

Set starting node vals
None 

Test Input: [32.0, 2.0, 15.9, 7.0, 280.0, 1350.0, 1600.0, 5.6, 2.8, 1.0]

Test results: [1.3134568080100602]

Set starting node vals
None 

Test Input: [40.0, 2.0, 0.9, 0.3, 196.0, 69.0, 48.0, 6.8, 3.1, 0.8]

Test results: [1.3134568080100602]

Set starting node vals
None 

Test Input: [33.0, 2.0, 0.7, 0.1, 168.0, 35.0, 33.0, 7.0, 3.7, 1.1]

Test results: [1.3134568080100602]

Set starting node vals
None 

Test Input: [90.0, 2.0, 1.1, 0.3, 215.0, 46.0, 134.0, 6.9, 3.0, 0.7]

Test results: [1.3134568080100602]

Set starting node vals
None 

Test Input: [46.0, 2.0, 1.8, 0.7, 208.0, 19.0, 14.0, 7.6, 4.4, 1.3]

Test results: [1.3134568080100602]

Set starting node vals
None 

Test Input: [74.0, 2.0, 0.6, 0.1, 272.0, 24.0, 98.0, 5.0, 2.0, 0.6]

Test results: [1.3134568080100602]

Set starting node vals
None 

Test Input: [28.0, 1.0, 0.6, 0.1, 137.0, 22.0, 16.0, 4.9, 1.9, 0.6]

Test results: [1.3134568080100602]

Set starting node vals
None 

Test Input: [38.0, 2.0, 0.9, 0.3, 310.0, 15.0, 25.0, 5.5, 2.7, 1.0]

Test results: [1.3134568080100602]

Set starting node vals
None 

Test Input: [40.0, 2.0, 1.9, 1.0, 231.0, 16.0, 55.0, 4.3, 1.6, 0.6]

Test results: [1.3134568080100602]

Set starting node vals
None 

Test Input: [60.0, 2.0, 0.6, 0.1, 186.0, 20.0, 21.0, 6.2, 3.3, 1.1]

Test results: [1.3134568080100602]

Set starting node vals
None 

Test Input: [35.0, 1.0, 1.0, 0.3, 805.0, 133.0, 103.0, 7.9, 3.3, 0.7]

Test results: [1.3134568080100602]

Set starting node vals
None 

Test Input: [58.0, 1.0, 1.7, 0.8, 1896.0, 61.0, 83.0, 8.0, 3.9, 0.95]

Test results: [1.3134568080100602]

Set starting node vals
None 

Test Input: [50.0, 2.0, 5.8, 3.0, 661.0, 181.0, 285.0, 5.7, 2.3, 0.67]

Test results: [1.3134568080100602]

Set starting node vals
None 

Test Input: [64.0, 2.0, 0.9, 0.3, 310.0, 61.0, 58.0, 7.0, 3.4, 0.9]

Test results: [1.3134568080100602]

Set starting node vals
None 

Test Input: [30.0, 1.0, 0.7, 0.2, 194.0, 32.0, 36.0, 7.5, 3.6, 0.92]

Test results: [1.3134568080100602]

Set starting node vals
None 

Test Input: [49.0, 2.0, 1.0, 0.3, 230.0, 48.0, 58.0, 8.4, 4.2, 1.0]

Test results: [1.3134568080100602]

Set starting node vals
None 

Test Input: [63.0, 2.0, 0.5, 0.1, 170.0, 21.0, 28.0, 5.5, 2.5, 0.8]

Test results: [1.3134568080100602]

Set starting node vals
None 

Test Input: [46.0, 2.0, 0.6, 0.2, 115.0, 14.0, 11.0, 6.9, 3.4, 0.9]

Test results: [1.3134568080100602]

Set starting node vals
None 

Test Input: [50.0, 2.0, 0.8, 0.2, 152.0, 29.0, 30.0, 7.4, 4.1, 1.3]

Test results: [1.3134568080100602]

Set starting node vals
None 

Test Input: [69.0, 1.0, 0.8, 0.2, 146.0, 42.0, 70.0, 8.4, 4.9, 1.4]

Test results: [1.3134568080100602]

Set starting node vals
None 

Test Input: [38.0, 2.0, 1.7, 0.7, 859.0, 89.0, 48.0, 6.0, 3.0, 1.0]

Test results: [1.3134568080100602]

Set starting node vals
None 

Test Input: [48.0, 2.0, 0.7, 0.2, 165.0, 32.0, 30.0, 8.0, 4.0, 1.0]

Test results: [1.3134568080100602]

Set starting node vals
None 

Test Input: [20.0, 1.0, 16.7, 8.4, 200.0, 91.0, 101.0, 6.9, 3.5, 1.02]

Test results: [1.3134568080100602]

Set starting node vals
None 

Test Input: [55.0, 2.0, 0.8, 0.2, 290.0, 139.0, 87.0, 7.0, 3.0, 0.7]

Test results: [1.3134568080100602]

Set starting node vals
None 

Test Input: [25.0, 1.0, 0.9, 0.3, 159.0, 24.0, 25.0, 6.9, 4.4, 1.7]

Test results: [1.3134568080100602]

Set starting node vals
None 

Test Input: [7.0, 2.0, 0.5, 0.1, 352.0, 28.0, 51.0, 7.9, 4.2, 1.1]

Test results: [1.3134568080100602]

Set starting node vals
None 

Test Input: [13.0, 1.0, 0.7, 0.2, 350.0, 17.0, 24.0, 7.4, 4.0, 1.1]

Test results: [1.3134568080100602]

Set starting node vals
None 

Test Input: [48.0, 1.0, 1.1, 0.7, 527.0, 178.0, 250.0, 8.0, 4.2, 1.1]

Test results: [1.3134568080100602]

Relative Error: 32.10% 

Least Squares Error: 11.393350818481675 

Loss Squared Error: 0.2542372881355932 

Percent Misidentified: 25.42% 
