DATASET: page-blocks2

Test inputs: 
[12.0, 175.0, 2100.0, 14.583, 0.403, 0.774, 4.28, 847.0, 1625.0, 198.0] [1.0, 19.0, 19.0, 19.0, 0.737, 1.0, 4.67, 14.0, 19.0, 3.0] [17.0, 24.0, 408.0, 1.412, 0.426, 0.792, 4.46, 174.0, 323.0, 39.0] [3.0, 3.0, 9.0, 1.0, 0.778, 0.778, 7.0, 7.0, 7.0, 1.0] [1.0, 44.0, 44.0, 44.0, 0.25, 1.0, 2.2, 11.0, 44.0, 5.0] [8.0, 24.0, 192.0, 3.0, 0.318, 0.688, 2.65, 61.0, 132.0, 23.0] [8.0, 37.0, 296.0, 4.625, 0.392, 0.753, 1.93, 116.0, 223.0, 60.0] [9.0, 14.0, 126.0, 1.556, 0.278, 1.0, 2.06, 35.0, 126.0, 17.0] [9.0, 23.0, 207.0, 2.556, 0.3, 1.0, 1.51, 62.0, 207.0, 41.0] [9.0, 7.0, 63.0, 0.778, 0.302, 0.603, 1.9, 19.0, 38.0, 10.0] [5.0, 2.0, 10.0, 0.4, 0.9, 0.9, 9.0, 9.0, 9.0, 1.0] [7.0, 162.0, 1134.0, 23.143, 0.096, 0.235, 1.49, 109.0, 266.0, 73.0] [9.0, 248.0, 2232.0, 27.556, 0.33, 0.727, 2.39, 737.0, 1622.0, 308.0] [7.0, 70.0, 490.0, 10.0, 0.371, 0.971, 1.9, 182.0, 476.0, 96.0] [11.0, 30.0, 330.0, 2.727, 0.467, 0.824, 4.16, 154.0, 272.0, 37.0] [9.0, 92.0, 828.0, 10.222, 0.24, 0.641, 1.54, 199.0, 531.0, 129.0] [13.0, 5.0, 65.0, 0.385, 0.123, 0.538, 8.0, 8.0, 35.0, 1.0] [11.0, 100.0, 1100.0, 9.091, 0.269, 0.765, 1.9, 296.0, 842.0, 156.0] [12.0, 14.0, 168.0, 1.167, 0.357, 0.958, 2.31, 60.0, 161.0, 26.0] [10.0, 122.0, 1220.0, 12.2, 0.294, 0.689, 2.1, 359.0, 840.0, 171.0] [12.0, 311.0, 3732.0, 25.917, 0.195, 0.781, 1.64, 727.0, 2914.0, 443.0] [1.0, 7.0, 7.0, 7.0, 1.0, 1.0, 7.0, 7.0, 7.0, 1.0] [9.0, 33.0, 297.0, 3.667, 0.347, 0.929, 2.58, 103.0, 276.0, 40.0] [28.0, 31.0, 868.0, 1.107, 0.492, 0.745, 7.49, 427.0, 647.0, 57.0] [9.0, 41.0, 369.0, 4.556, 0.263, 0.743, 1.41, 97.0, 274.0, 69.0] [6.0, 19.0, 114.0, 3.167, 0.289, 0.789, 1.38, 33.0, 90.0, 24.0] [7.0, 8.0, 56.0, 1.143, 0.482, 1.0, 2.25, 27.0, 56.0, 12.0] [10.0, 53.0, 530.0, 5.3, 0.294, 0.908, 1.75, 156.0, 481.0, 89.0] [9.0, 191.0, 1719.0, 21.222, 0.328, 0.747, 2.14, 564.0, 1284.0, 264.0] [10.0, 22.0, 220.0, 2.2, 0.277, 0.595, 1.74, 61.0, 131.0, 35.0] [9.0, 21.0, 189.0, 2.333, 0.365, 0.82, 2.88, 69.0, 155.0, 24.0] [14.0, 102.0, 1428.0, 7.286, 0.356, 0.709, 2.96, 509.0, 1013.0, 172.0] [10.0, 19.0, 190.0, 1.9, 0.611, 0.9, 8.29, 116.0, 171.0, 14.0] [8.0, 8.0, 64.0, 1.0, 0.344, 0.922, 1.83, 22.0, 59.0, 12.0] [7.0, 11.0, 77.0, 1.571, 0.312, 0.844, 1.33, 24.0, 65.0, 18.0] [8.0, 7.0, 56.0, 0.875, 0.482, 0.946, 2.7, 27.0, 53.0, 10.0] [11.0, 102.0, 1122.0, 9.273, 0.223, 0.768, 1.53, 250.0, 862.0, 163.0] [9.0, 34.0, 306.0, 3.778, 0.363, 0.863, 1.76, 111.0, 264.0, 63.0] [11.0, 32.0, 352.0, 2.909, 0.332, 0.815, 1.86, 117.0, 287.0, 63.0] [7.0, 54.0, 378.0, 7.714, 0.254, 0.608, 1.39, 96.0, 230.0, 69.0] [14.0, 201.0, 2814.0, 14.357, 0.373, 0.641, 4.84, 1050.0, 1804.0, 217.0] [5.0, 81.0, 405.0, 16.2, 0.311, 0.968, 1.3, 126.0, 392.0, 97.0] [9.0, 29.0, 261.0, 3.222, 0.234, 0.709, 1.3, 61.0, 185.0, 47.0] [5.0, 46.0, 230.0, 9.2, 0.278, 0.835, 2.21, 64.0, 192.0, 29.0] [7.0, 243.0, 1701.0, 34.714, 0.219, 0.528, 1.62, 372.0, 898.0, 230.0] [1.0, 106.0, 106.0, 106.0, 0.858, 1.0, 15.17, 91.0, 106.0, 6.0] [8.0, 18.0, 144.0, 2.25, 0.424, 0.889, 2.03, 61.0, 128.0, 30.0] [1.0, 29.0, 29.0, 29.0, 0.31, 1.0, 1.13, 9.0, 29.0, 8.0] [2.0, 446.0, 892.0, 223.0, 0.439, 0.603, 17.82, 392.0, 538.0, 22.0] [8.0, 40.0, 320.0, 5.0, 0.363, 0.806, 1.68, 116.0, 258.0, 69.0] [5.0, 11.0, 55.0, 2.2, 0.309, 0.836, 1.7, 17.0, 46.0, 10.0] [7.0, 16.0, 112.0, 2.286, 0.25, 0.527, 2.0, 28.0, 59.0, 14.0] [7.0, 31.0, 217.0, 4.429, 0.286, 0.673, 1.55, 62.0, 146.0, 40.0] [8.0, 6.0, 48.0, 0.75, 0.313, 0.813, 1.88, 15.0, 39.0, 8.0] [8.0, 14.0, 112.0, 1.75, 0.482, 0.679, 3.0, 54.0, 76.0, 18.0] [8.0, 12.0, 96.0, 1.5, 0.458, 0.865, 2.1, 44.0, 83.0, 21.0] [7.0, 14.0, 98.0, 2.0, 0.255, 0.735, 1.56, 25.0, 72.0, 16.0] [5.0, 95.0, 475.0, 19.0, 0.255, 0.787, 1.73, 121.0, 374.0, 70.0] [5.0, 38.0, 190.0, 7.6, 0.426, 0.989, 1.42, 81.0, 188.0, 57.0] 
Test expected outputs: 
[1] [2] [1] [1] [2] [1] [1] [1] [1] [1] [4] [1] [1] [1] [1] [1] [5] [1] [1] [1] [1] [2] [1] [3] [1] [1] [1] [1] [1] [1] [1] [1] [1] [1] [1] [1] [1] [1] [1] [1] [1] [1] [1] [1] [1] [2] [1] [1] [2] [1] [1] [1] [1] [1] [1] [1] [1] [1] [1] 
ALGORITHM | Generations | learnrate | momentum | Threshold 
   B      |     10000      |  0.3  |  0.5  |   10.0     

Set starting node vals
None 

Test Input: [12.0, 175.0, 2100.0, 14.583, 0.403, 0.774, 4.28, 847.0, 1625.0, 198.0]

Test results: [1.2499538601596007]

Set starting node vals
None 

Test Input: [1.0, 19.0, 19.0, 19.0, 0.737, 1.0, 4.67, 14.0, 19.0, 3.0]

Test results: [1.2499538601596007]

Set starting node vals
None 

Test Input: [17.0, 24.0, 408.0, 1.412, 0.426, 0.792, 4.46, 174.0, 323.0, 39.0]

Test results: [1.2499538601596007]

Set starting node vals
None 

Test Input: [3.0, 3.0, 9.0, 1.0, 0.778, 0.778, 7.0, 7.0, 7.0, 1.0]

Test results: [1.2499538601596007]

Set starting node vals
None 

Test Input: [1.0, 44.0, 44.0, 44.0, 0.25, 1.0, 2.2, 11.0, 44.0, 5.0]

Test results: [1.2499538601596007]

Set starting node vals
None 

Test Input: [8.0, 24.0, 192.0, 3.0, 0.318, 0.688, 2.65, 61.0, 132.0, 23.0]

Test results: [1.2499538601596007]

Set starting node vals
None 

Test Input: [8.0, 37.0, 296.0, 4.625, 0.392, 0.753, 1.93, 116.0, 223.0, 60.0]

Test results: [1.2499538601596007]

Set starting node vals
None 

Test Input: [9.0, 14.0, 126.0, 1.556, 0.278, 1.0, 2.06, 35.0, 126.0, 17.0]

Test results: [1.2499538601596007]

Set starting node vals
None 

Test Input: [9.0, 23.0, 207.0, 2.556, 0.3, 1.0, 1.51, 62.0, 207.0, 41.0]

Test results: [1.2499538601596007]

Set starting node vals
None 

Test Input: [9.0, 7.0, 63.0, 0.778, 0.302, 0.603, 1.9, 19.0, 38.0, 10.0]

Test results: [1.2499538601596007]

Set starting node vals
None 

Test Input: [5.0, 2.0, 10.0, 0.4, 0.9, 0.9, 9.0, 9.0, 9.0, 1.0]

Test results: [1.2499538601596007]

Set starting node vals
None 

Test Input: [7.0, 162.0, 1134.0, 23.143, 0.096, 0.235, 1.49, 109.0, 266.0, 73.0]

Test results: [1.2499538601596007]

Set starting node vals
None 

Test Input: [9.0, 248.0, 2232.0, 27.556, 0.33, 0.727, 2.39, 737.0, 1622.0, 308.0]

Test results: [1.2499538601596007]

Set starting node vals
None 

Test Input: [7.0, 70.0, 490.0, 10.0, 0.371, 0.971, 1.9, 182.0, 476.0, 96.0]

Test results: [1.2499538601596007]

Set starting node vals
None 

Test Input: [11.0, 30.0, 330.0, 2.727, 0.467, 0.824, 4.16, 154.0, 272.0, 37.0]

Test results: [1.2499538601596007]

Set starting node vals
None 

Test Input: [9.0, 92.0, 828.0, 10.222, 0.24, 0.641, 1.54, 199.0, 531.0, 129.0]

Test results: [1.2499538601596007]

Set starting node vals
None 

Test Input: [13.0, 5.0, 65.0, 0.385, 0.123, 0.538, 8.0, 8.0, 35.0, 1.0]

Test results: [1.2499538601596007]

Set starting node vals
None 

Test Input: [11.0, 100.0, 1100.0, 9.091, 0.269, 0.765, 1.9, 296.0, 842.0, 156.0]

Test results: [1.2499538601596007]

Set starting node vals
None 

Test Input: [12.0, 14.0, 168.0, 1.167, 0.357, 0.958, 2.31, 60.0, 161.0, 26.0]

Test results: [1.2499538601596007]

Set starting node vals
None 

Test Input: [10.0, 122.0, 1220.0, 12.2, 0.294, 0.689, 2.1, 359.0, 840.0, 171.0]

Test results: [1.2499538601596007]

Set starting node vals
None 

Test Input: [12.0, 311.0, 3732.0, 25.917, 0.195, 0.781, 1.64, 727.0, 2914.0, 443.0]

Test results: [1.2499538601596007]

Set starting node vals
None 

Test Input: [1.0, 7.0, 7.0, 7.0, 1.0, 1.0, 7.0, 7.0, 7.0, 1.0]

Test results: [1.2499538601596007]

Set starting node vals
None 

Test Input: [9.0, 33.0, 297.0, 3.667, 0.347, 0.929, 2.58, 103.0, 276.0, 40.0]

Test results: [1.2499538601596007]

Set starting node vals
None 

Test Input: [28.0, 31.0, 868.0, 1.107, 0.492, 0.745, 7.49, 427.0, 647.0, 57.0]

Test results: [1.2499538601596007]

Set starting node vals
None 

Test Input: [9.0, 41.0, 369.0, 4.556, 0.263, 0.743, 1.41, 97.0, 274.0, 69.0]

Test results: [1.2499538601596007]

Set starting node vals
None 

Test Input: [6.0, 19.0, 114.0, 3.167, 0.289, 0.789, 1.38, 33.0, 90.0, 24.0]

Test results: [1.2499538601596007]

Set starting node vals
None 

Test Input: [7.0, 8.0, 56.0, 1.143, 0.482, 1.0, 2.25, 27.0, 56.0, 12.0]

Test results: [1.2499538601596007]

Set starting node vals
None 

Test Input: [10.0, 53.0, 530.0, 5.3, 0.294, 0.908, 1.75, 156.0, 481.0, 89.0]

Test results: [1.2499538601596007]

Set starting node vals
None 

Test Input: [9.0, 191.0, 1719.0, 21.222, 0.328, 0.747, 2.14, 564.0, 1284.0, 264.0]

Test results: [1.2499538601596007]

Set starting node vals
None 

Test Input: [10.0, 22.0, 220.0, 2.2, 0.277, 0.595, 1.74, 61.0, 131.0, 35.0]

Test results: [1.2499538601596007]

Set starting node vals
None 

Test Input: [9.0, 21.0, 189.0, 2.333, 0.365, 0.82, 2.88, 69.0, 155.0, 24.0]

Test results: [1.2499538601596007]

Set starting node vals
None 

Test Input: [14.0, 102.0, 1428.0, 7.286, 0.356, 0.709, 2.96, 509.0, 1013.0, 172.0]

Test results: [1.2499538601596007]

Set starting node vals
None 

Test Input: [10.0, 19.0, 190.0, 1.9, 0.611, 0.9, 8.29, 116.0, 171.0, 14.0]

Test results: [1.2499538601596007]

Set starting node vals
None 

Test Input: [8.0, 8.0, 64.0, 1.0, 0.344, 0.922, 1.83, 22.0, 59.0, 12.0]

Test results: [1.2499538601596007]

Set starting node vals
None 

Test Input: [7.0, 11.0, 77.0, 1.571, 0.312, 0.844, 1.33, 24.0, 65.0, 18.0]

Test results: [1.2499538601596007]

Set starting node vals
None 

Test Input: [8.0, 7.0, 56.0, 0.875, 0.482, 0.946, 2.7, 27.0, 53.0, 10.0]

Test results: [1.2499538601596007]

Set starting node vals
None 

Test Input: [11.0, 102.0, 1122.0, 9.273, 0.223, 0.768, 1.53, 250.0, 862.0, 163.0]

Test results: [1.2499538601596007]

Set starting node vals
None 

Test Input: [9.0, 34.0, 306.0, 3.778, 0.363, 0.863, 1.76, 111.0, 264.0, 63.0]

Test results: [1.2499538601596007]

Set starting node vals
None 

Test Input: [11.0, 32.0, 352.0, 2.909, 0.332, 0.815, 1.86, 117.0, 287.0, 63.0]

Test results: [1.2499538601596007]

Set starting node vals
None 

Test Input: [7.0, 54.0, 378.0, 7.714, 0.254, 0.608, 1.39, 96.0, 230.0, 69.0]

Test results: [1.2499538601596007]

Set starting node vals
None 

Test Input: [14.0, 201.0, 2814.0, 14.357, 0.373, 0.641, 4.84, 1050.0, 1804.0, 217.0]

Test results: [1.2499538601596007]

Set starting node vals
None 

Test Input: [5.0, 81.0, 405.0, 16.2, 0.311, 0.968, 1.3, 126.0, 392.0, 97.0]

Test results: [1.2499538601596007]

Set starting node vals
None 

Test Input: [9.0, 29.0, 261.0, 3.222, 0.234, 0.709, 1.3, 61.0, 185.0, 47.0]

Test results: [1.2499538601596007]

Set starting node vals
None 

Test Input: [5.0, 46.0, 230.0, 9.2, 0.278, 0.835, 2.21, 64.0, 192.0, 29.0]

Test results: [1.2499538601596007]

Set starting node vals
None 

Test Input: [7.0, 243.0, 1701.0, 34.714, 0.219, 0.528, 1.62, 372.0, 898.0, 230.0]

Test results: [1.2499538601596007]

Set starting node vals
None 

Test Input: [1.0, 106.0, 106.0, 106.0, 0.858, 1.0, 15.17, 91.0, 106.0, 6.0]

Test results: [1.2499538601596007]

Set starting node vals
None 

Test Input: [8.0, 18.0, 144.0, 2.25, 0.424, 0.889, 2.03, 61.0, 128.0, 30.0]

Test results: [1.2499538601596007]

Set starting node vals
None 

Test Input: [1.0, 29.0, 29.0, 29.0, 0.31, 1.0, 1.13, 9.0, 29.0, 8.0]

Test results: [1.2499538601596007]

Set starting node vals
None 

Test Input: [2.0, 446.0, 892.0, 223.0, 0.439, 0.603, 17.82, 392.0, 538.0, 22.0]

Test results: [1.2499538601596007]

Set starting node vals
None 

Test Input: [8.0, 40.0, 320.0, 5.0, 0.363, 0.806, 1.68, 116.0, 258.0, 69.0]

Test results: [1.2499538601596007]

Set starting node vals
None 

Test Input: [5.0, 11.0, 55.0, 2.2, 0.309, 0.836, 1.7, 17.0, 46.0, 10.0]

Test results: [1.2499538601596007]

Set starting node vals
None 

Test Input: [7.0, 16.0, 112.0, 2.286, 0.25, 0.527, 2.0, 28.0, 59.0, 14.0]

Test results: [1.2499538601596007]

Set starting node vals
None 

Test Input: [7.0, 31.0, 217.0, 4.429, 0.286, 0.673, 1.55, 62.0, 146.0, 40.0]

Test results: [1.2499538601596007]

Set starting node vals
None 

Test Input: [8.0, 6.0, 48.0, 0.75, 0.313, 0.813, 1.88, 15.0, 39.0, 8.0]

Test results: [1.2499538601596007]

Set starting node vals
None 

Test Input: [8.0, 14.0, 112.0, 1.75, 0.482, 0.679, 3.0, 54.0, 76.0, 18.0]

Test results: [1.2499538601596007]

Set starting node vals
None 

Test Input: [8.0, 12.0, 96.0, 1.5, 0.458, 0.865, 2.1, 44.0, 83.0, 21.0]

Test results: [1.2499538601596007]

Set starting node vals
None 

Test Input: [7.0, 14.0, 98.0, 2.0, 0.255, 0.735, 1.56, 25.0, 72.0, 16.0]

Test results: [1.2499538601596007]

Set starting node vals
None 

Test Input: [5.0, 95.0, 475.0, 19.0, 0.255, 0.787, 1.73, 121.0, 374.0, 70.0]

Test results: [1.2499538601596007]

Set starting node vals
None 

Test Input: [5.0, 38.0, 190.0, 7.6, 0.426, 0.989, 1.42, 81.0, 188.0, 57.0]

Test results: [1.2499538601596007]

Relative Error: 28.21% 

Least Squares Error: 30.687430915843624 

Loss Squared Error: 0.576271186440678 

Percent Misidentified: 13.56% 
