DATASET: wine

Test inputs: 
[12.08, 1.13, 2.51, 24.0, 78.0, 2.0, 1.58, 0.4, 1.4, 2.2, 1.31, 2.72, 630.0] [12.0, 3.43, 2.0, 19.0, 87.0, 2.0, 1.64, 0.37, 1.87, 1.28, 0.93, 3.05, 564.0] [13.05, 1.73, 2.04, 12.4, 92.0, 2.72, 3.27, 0.17, 2.91, 7.2, 1.12, 2.91, 1150.0] [12.37, 0.94, 1.36, 10.6, 88.0, 1.98, 0.57, 0.28, 0.42, 1.95, 1.05, 1.82, 520.0] [14.1, 2.02, 2.4, 18.8, 103.0, 2.75, 2.92, 0.32, 2.38, 6.2, 1.07, 2.75, 1060.0] [13.58, 2.58, 2.69, 24.5, 105.0, 1.55, 0.84, 0.39, 1.54, 8.66, 0.74, 1.8, 750.0] [13.24, 2.59, 2.87, 21.0, 118.0, 2.8, 2.69, 0.39, 1.82, 4.32, 1.04, 2.93, 735.0] [13.5, 3.12, 2.62, 24.0, 123.0, 1.4, 1.57, 0.22, 1.25, 8.6, 0.59, 1.3, 500.0] [13.82, 1.75, 2.42, 14.0, 111.0, 3.88, 3.74, 0.32, 1.87, 7.05, 1.01, 3.26, 1190.0] [13.48, 1.81, 2.41, 20.5, 100.0, 2.7, 2.98, 0.26, 1.86, 5.1, 1.04, 3.47, 920.0] [12.25, 1.73, 2.12, 19.0, 80.0, 1.65, 2.03, 0.37, 1.63, 3.4, 1.0, 3.17, 510.0] [12.43, 1.53, 2.29, 21.5, 86.0, 2.74, 3.15, 0.39, 1.77, 3.94, 0.69, 2.84, 352.0] [13.3, 1.72, 2.14, 17.0, 94.0, 2.4, 2.19, 0.27, 1.35, 3.95, 1.02, 2.77, 1285.0] [12.93, 3.8, 2.65, 18.6, 102.0, 2.41, 2.41, 0.25, 1.98, 4.5, 1.03, 3.52, 770.0] [13.11, 1.01, 1.7, 15.0, 78.0, 2.98, 3.18, 0.26, 2.28, 5.3, 1.12, 3.18, 502.0] [13.45, 3.7, 2.6, 23.0, 111.0, 1.7, 0.92, 0.43, 1.46, 10.68, 0.85, 1.56, 695.0] [13.24, 3.98, 2.29, 17.5, 103.0, 2.64, 2.63, 0.32, 1.66, 4.36, 0.82, 3.0, 680.0] [12.77, 2.39, 2.28, 19.5, 86.0, 1.39, 0.51, 0.48, 0.64, 9.899999, 0.57, 1.63, 470.0] [12.08, 2.08, 1.7, 17.5, 97.0, 2.23, 2.17, 0.26, 1.4, 3.3, 1.27, 2.96, 710.0] [13.52, 3.17, 2.72, 23.5, 97.0, 1.55, 0.52, 0.5, 0.55, 4.35, 0.89, 2.06, 520.0] [12.37, 1.13, 2.16, 19.0, 87.0, 3.5, 3.1, 0.19, 1.87, 4.45, 1.22, 2.87, 420.0] [11.62, 1.99, 2.28, 18.0, 98.0, 3.02, 2.26, 0.17, 1.35, 3.25, 1.16, 2.96, 345.0] [13.67, 1.25, 1.92, 18.0, 94.0, 2.1, 1.79, 0.32, 0.73, 3.8, 1.23, 2.46, 630.0] [13.23, 3.3, 2.28, 18.5, 98.0, 1.8, 0.83, 0.61, 1.87, 10.52, 0.56, 1.51, 675.0] [13.5, 1.81, 2.61, 20.0, 96.0, 2.53, 2.61, 0.28, 1.66, 3.52, 1.12, 3.82, 845.0] [11.66, 1.88, 1.92, 16.0, 97.0, 1.61, 1.57, 0.34, 1.15, 3.8, 1.23, 2.14, 428.0] [14.06, 2.15, 2.61, 17.6, 121.0, 2.6, 2.51, 0.31, 1.25, 5.05, 1.06, 3.58, 1295.0] [11.65, 1.67, 2.62, 26.0, 88.0, 1.92, 1.61, 0.4, 1.34, 2.6, 1.36, 3.21, 562.0] [12.25, 3.88, 2.2, 18.5, 112.0, 1.38, 0.78, 0.29, 1.14, 8.21, 0.65, 2.0, 855.0] [13.16, 2.36, 2.67, 18.6, 101.0, 2.8, 3.24, 0.3, 2.81, 5.68, 1.03, 3.17, 1185.0] [12.0, 1.51, 2.42, 22.0, 86.0, 1.45, 1.25, 0.5, 1.63, 3.6, 1.05, 2.65, 450.0] [13.03, 0.9, 1.71, 16.0, 86.0, 1.95, 2.03, 0.24, 1.46, 4.6, 1.19, 2.48, 392.0] [13.71, 1.86, 2.36, 16.6, 101.0, 2.61, 2.88, 0.27, 1.69, 3.8, 1.11, 4.0, 1035.0] [13.36, 2.56, 2.35, 20.0, 89.0, 1.4, 0.5, 0.37, 0.64, 5.6, 0.7, 2.47, 780.0] [12.67, 0.98, 2.24, 18.0, 99.0, 2.2, 1.94, 0.3, 1.46, 2.62, 1.23, 3.16, 450.0] 
Test expected outputs: 
[2] [2] [1] [2] [1] [3] [1] [3] [1] [1] [2] [2] [1] [1] [2] [3] [1] [3] [2] [3] [2] [2] [2] [3] [1] [2] [1] [2] [3] [1] [2] [2] [1] [3] [2] 
ALGORITHM | Generations | learnrate | momentum | Threshold 
   B      |     10000      |  0.3  |  0.5  |   20.0     

Set starting node vals
None 

Test Input: [12.08, 1.13, 2.51, 24.0, 78.0, 2.0, 1.58, 0.4, 1.4, 2.2, 1.31, 2.72, 630.0]

Test results: [1.9523089673742584]

Set starting node vals
None 

Test Input: [12.0, 3.43, 2.0, 19.0, 87.0, 2.0, 1.64, 0.37, 1.87, 1.28, 0.93, 3.05, 564.0]

Test results: [1.9523089673742584]

Set starting node vals
None 

Test Input: [13.05, 1.73, 2.04, 12.4, 92.0, 2.72, 3.27, 0.17, 2.91, 7.2, 1.12, 2.91, 1150.0]

Test results: [1.9523089673742584]

Set starting node vals
None 

Test Input: [12.37, 0.94, 1.36, 10.6, 88.0, 1.98, 0.57, 0.28, 0.42, 1.95, 1.05, 1.82, 520.0]

Test results: [1.9523089673742584]

Set starting node vals
None 

Test Input: [14.1, 2.02, 2.4, 18.8, 103.0, 2.75, 2.92, 0.32, 2.38, 6.2, 1.07, 2.75, 1060.0]

Test results: [1.9523089673742584]

Set starting node vals
None 

Test Input: [13.58, 2.58, 2.69, 24.5, 105.0, 1.55, 0.84, 0.39, 1.54, 8.66, 0.74, 1.8, 750.0]

Test results: [1.9523089673742584]

Set starting node vals
None 

Test Input: [13.24, 2.59, 2.87, 21.0, 118.0, 2.8, 2.69, 0.39, 1.82, 4.32, 1.04, 2.93, 735.0]

Test results: [1.9523089673742584]

Set starting node vals
None 

Test Input: [13.5, 3.12, 2.62, 24.0, 123.0, 1.4, 1.57, 0.22, 1.25, 8.6, 0.59, 1.3, 500.0]

Test results: [1.9523089673742584]

Set starting node vals
None 

Test Input: [13.82, 1.75, 2.42, 14.0, 111.0, 3.88, 3.74, 0.32, 1.87, 7.05, 1.01, 3.26, 1190.0]

Test results: [1.9523089673742584]

Set starting node vals
None 

Test Input: [13.48, 1.81, 2.41, 20.5, 100.0, 2.7, 2.98, 0.26, 1.86, 5.1, 1.04, 3.47, 920.0]

Test results: [1.9523089673742584]

Set starting node vals
None 

Test Input: [12.25, 1.73, 2.12, 19.0, 80.0, 1.65, 2.03, 0.37, 1.63, 3.4, 1.0, 3.17, 510.0]

Test results: [1.9523089673742584]

Set starting node vals
None 

Test Input: [12.43, 1.53, 2.29, 21.5, 86.0, 2.74, 3.15, 0.39, 1.77, 3.94, 0.69, 2.84, 352.0]

Test results: [1.9523089673742584]

Set starting node vals
None 

Test Input: [13.3, 1.72, 2.14, 17.0, 94.0, 2.4, 2.19, 0.27, 1.35, 3.95, 1.02, 2.77, 1285.0]

Test results: [1.9523089673742584]

Set starting node vals
None 

Test Input: [12.93, 3.8, 2.65, 18.6, 102.0, 2.41, 2.41, 0.25, 1.98, 4.5, 1.03, 3.52, 770.0]

Test results: [1.9523089673742584]

Set starting node vals
None 

Test Input: [13.11, 1.01, 1.7, 15.0, 78.0, 2.98, 3.18, 0.26, 2.28, 5.3, 1.12, 3.18, 502.0]

Test results: [1.9523089673742584]

Set starting node vals
None 

Test Input: [13.45, 3.7, 2.6, 23.0, 111.0, 1.7, 0.92, 0.43, 1.46, 10.68, 0.85, 1.56, 695.0]

Test results: [1.9523089673742584]

Set starting node vals
None 

Test Input: [13.24, 3.98, 2.29, 17.5, 103.0, 2.64, 2.63, 0.32, 1.66, 4.36, 0.82, 3.0, 680.0]

Test results: [1.9523089673742584]

Set starting node vals
None 

Test Input: [12.77, 2.39, 2.28, 19.5, 86.0, 1.39, 0.51, 0.48, 0.64, 9.899999, 0.57, 1.63, 470.0]

Test results: [1.9523089673742584]

Set starting node vals
None 

Test Input: [12.08, 2.08, 1.7, 17.5, 97.0, 2.23, 2.17, 0.26, 1.4, 3.3, 1.27, 2.96, 710.0]

Test results: [1.9523089673742584]

Set starting node vals
None 

Test Input: [13.52, 3.17, 2.72, 23.5, 97.0, 1.55, 0.52, 0.5, 0.55, 4.35, 0.89, 2.06, 520.0]

Test results: [1.9523089673742584]

Set starting node vals
None 

Test Input: [12.37, 1.13, 2.16, 19.0, 87.0, 3.5, 3.1, 0.19, 1.87, 4.45, 1.22, 2.87, 420.0]

Test results: [1.9523089673742584]

Set starting node vals
None 

Test Input: [11.62, 1.99, 2.28, 18.0, 98.0, 3.02, 2.26, 0.17, 1.35, 3.25, 1.16, 2.96, 345.0]

Test results: [1.9523089673742584]

Set starting node vals
None 

Test Input: [13.67, 1.25, 1.92, 18.0, 94.0, 2.1, 1.79, 0.32, 0.73, 3.8, 1.23, 2.46, 630.0]

Test results: [1.9523089673742584]

Set starting node vals
None 

Test Input: [13.23, 3.3, 2.28, 18.5, 98.0, 1.8, 0.83, 0.61, 1.87, 10.52, 0.56, 1.51, 675.0]

Test results: [1.9523089673742584]

Set starting node vals
None 

Test Input: [13.5, 1.81, 2.61, 20.0, 96.0, 2.53, 2.61, 0.28, 1.66, 3.52, 1.12, 3.82, 845.0]

Test results: [1.9523089673742584]

Set starting node vals
None 

Test Input: [11.66, 1.88, 1.92, 16.0, 97.0, 1.61, 1.57, 0.34, 1.15, 3.8, 1.23, 2.14, 428.0]

Test results: [1.9523089673742584]

Set starting node vals
None 

Test Input: [14.06, 2.15, 2.61, 17.6, 121.0, 2.6, 2.51, 0.31, 1.25, 5.05, 1.06, 3.58, 1295.0]

Test results: [1.9523089673742584]

Set starting node vals
None 

Test Input: [11.65, 1.67, 2.62, 26.0, 88.0, 1.92, 1.61, 0.4, 1.34, 2.6, 1.36, 3.21, 562.0]

Test results: [1.9523089673742584]

Set starting node vals
None 

Test Input: [12.25, 3.88, 2.2, 18.5, 112.0, 1.38, 0.78, 0.29, 1.14, 8.21, 0.65, 2.0, 855.0]

Test results: [1.9523089673742584]

Set starting node vals
None 

Test Input: [13.16, 2.36, 2.67, 18.6, 101.0, 2.8, 3.24, 0.3, 2.81, 5.68, 1.03, 3.17, 1185.0]

Test results: [1.9523089673742584]

Set starting node vals
None 

Test Input: [12.0, 1.51, 2.42, 22.0, 86.0, 1.45, 1.25, 0.5, 1.63, 3.6, 1.05, 2.65, 450.0]

Test results: [1.9523089673742584]

Set starting node vals
None 

Test Input: [13.03, 0.9, 1.71, 16.0, 86.0, 1.95, 2.03, 0.24, 1.46, 4.6, 1.19, 2.48, 392.0]

Test results: [1.9523089673742584]

Set starting node vals
None 

Test Input: [13.71, 1.86, 2.36, 16.6, 101.0, 2.61, 2.88, 0.27, 1.69, 3.8, 1.11, 4.0, 1035.0]

Test results: [1.9523089673742584]

Set starting node vals
None 

Test Input: [13.36, 2.56, 2.35, 20.0, 89.0, 1.4, 0.5, 0.37, 0.64, 5.6, 0.7, 2.47, 780.0]

Test results: [1.9523089673742584]

Set starting node vals
None 

Test Input: [12.67, 0.98, 2.24, 18.0, 99.0, 2.2, 1.94, 0.3, 1.46, 2.62, 1.23, 3.16, 450.0]

Test results: [1.9523089673742584]

Relative Error: 41.65% 

Least Squares Error: 19.698076949745897 

Loss Squared Error: 0.5714285714285714 

Percent Misidentified: 57.14% 
