DATASET: wine2

Test inputs: 
[12.77, 2.39, 2.28, 19.5, 86.0, 1.39, 0.51, 0.48, 0.64, 9.899999, 0.57, 1.63, 470.0] [13.63, 1.81, 2.7, 17.2, 112.0, 2.85, 2.91, 0.3, 1.46, 7.3, 1.28, 2.88, 1310.0] [12.72, 1.75, 2.28, 22.5, 84.0, 1.38, 1.76, 0.48, 1.63, 3.3, 0.88, 2.42, 488.0] [11.81, 2.12, 2.74, 21.5, 134.0, 1.6, 0.99, 0.14, 1.56, 2.5, 0.95, 2.26, 625.0] [11.76, 2.68, 2.92, 20.0, 103.0, 1.75, 2.03, 0.6, 1.05, 3.8, 1.23, 2.5, 607.0] [13.49, 1.66, 2.24, 24.0, 87.0, 1.88, 1.84, 0.27, 1.03, 3.74, 0.98, 2.78, 472.0] [13.82, 1.75, 2.42, 14.0, 111.0, 3.88, 3.74, 0.32, 1.87, 7.05, 1.01, 3.26, 1190.0] [13.11, 1.9, 2.75, 25.5, 116.0, 2.2, 1.28, 0.26, 1.56, 7.1, 0.61, 1.33, 425.0] [11.66, 1.88, 1.92, 16.0, 97.0, 1.61, 1.57, 0.34, 1.15, 3.8, 1.23, 2.14, 428.0] [14.1, 2.16, 2.3, 18.0, 105.0, 2.95, 3.32, 0.22, 2.38, 5.75, 1.25, 3.17, 1510.0] [14.02, 1.68, 2.21, 16.0, 96.0, 2.65, 2.33, 0.26, 1.98, 4.7, 1.04, 3.59, 1035.0] [12.37, 1.17, 1.92, 19.6, 78.0, 2.11, 2.0, 0.27, 1.04, 4.68, 1.12, 3.48, 510.0] [12.37, 1.07, 2.1, 18.5, 88.0, 3.52, 3.75, 0.24, 1.95, 4.5, 1.04, 2.77, 660.0] [12.29, 1.61, 2.21, 20.4, 103.0, 1.1, 1.02, 0.37, 1.46, 3.05, 0.906, 1.82, 870.0] [14.06, 1.63, 2.28, 16.0, 126.0, 3.0, 3.17, 0.24, 2.1, 5.65, 1.09, 3.71, 780.0] [12.67, 0.98, 2.24, 18.0, 99.0, 2.2, 1.94, 0.3, 1.46, 2.62, 1.23, 3.16, 450.0] [13.56, 1.73, 2.46, 20.5, 116.0, 2.96, 2.78, 0.2, 2.45, 6.25, 0.98, 3.03, 1120.0] [13.05, 5.8, 2.13, 21.5, 86.0, 2.62, 2.65, 0.3, 2.01, 2.6, 0.73, 3.1, 380.0] [12.52, 2.43, 2.17, 21.0, 88.0, 2.55, 2.27, 0.26, 1.22, 2.0, 0.9, 2.78, 325.0] [12.29, 2.83, 2.22, 18.0, 88.0, 2.45, 2.25, 0.25, 1.99, 2.15, 1.15, 3.3, 290.0] [12.29, 3.17, 2.21, 18.0, 88.0, 2.85, 2.99, 0.45, 2.81, 2.3, 1.42, 2.83, 406.0] [14.2, 1.76, 2.45, 15.2, 112.0, 3.27, 3.39, 0.34, 1.97, 6.75, 1.05, 2.85, 1450.0] [12.64, 1.36, 2.02, 16.8, 100.0, 2.02, 1.41, 0.53, 0.62, 5.75, 0.98, 1.59, 450.0] [12.16, 1.61, 2.31, 22.8, 90.0, 1.78, 1.69, 0.43, 1.56, 2.45, 1.33, 2.26, 495.0] [14.06, 2.15, 2.61, 17.6, 121.0, 2.6, 2.51, 0.31, 1.25, 5.05, 1.06, 3.58, 1295.0] [14.23, 1.71, 2.43, 15.6, 127.0, 2.8, 3.06, 0.28, 2.29, 5.64, 1.04, 3.92, 1065.0] [11.45, 2.4, 2.42, 20.0, 96.0, 2.9, 2.79, 0.32, 1.83, 3.25, 0.8, 3.39, 625.0] [13.75, 1.73, 2.41, 16.0, 89.0, 2.6, 2.76, 0.29, 1.81, 5.6, 1.15, 2.9, 1320.0] [13.84, 4.12, 2.38, 19.5, 89.0, 1.8, 0.83, 0.48, 1.56, 9.01, 0.57, 1.64, 480.0] [12.33, 0.99, 1.95, 14.8, 136.0, 1.9, 1.85, 0.35, 2.76, 3.4, 1.06, 2.31, 750.0] [12.04, 4.3, 2.38, 22.0, 80.0, 2.1, 1.75, 0.42, 1.35, 2.6, 0.79, 2.57, 580.0] [13.62, 4.95, 2.35, 20.0, 92.0, 2.0, 0.8, 0.47, 1.02, 4.4, 0.91, 2.05, 550.0] [11.56, 2.05, 3.23, 28.5, 119.0, 3.18, 5.08, 0.47, 1.87, 6.0, 0.93, 3.69, 465.0] [11.82, 1.47, 1.99, 20.8, 86.0, 1.98, 1.6, 0.3, 1.53, 1.95, 0.95, 3.33, 495.0] [12.85, 3.27, 2.58, 22.0, 106.0, 1.65, 0.6, 0.6, 0.96, 5.58, 0.87, 2.11, 570.0] 
Test expected outputs: 
[3] [1] [2] [2] [2] [2] [1] [3] [2] [1] [1] [2] [2] [2] [1] [2] [1] [2] [2] [2] [2] [1] [2] [2] [1] [1] [2] [1] [3] [2] [2] [3] [2] [2] [3] 
ALGORITHM | Generations | learnrate | momentum | Threshold 
   B      |     10000      |  0.3  |  0.5  |   10.0     

Set starting node vals
None 

Test Input: [12.77, 2.39, 2.28, 19.5, 86.0, 1.39, 0.51, 0.48, 0.64, 9.899999, 0.57, 1.63, 470.0]

Test results: [1.9591703748064262]

Set starting node vals
None 

Test Input: [13.63, 1.81, 2.7, 17.2, 112.0, 2.85, 2.91, 0.3, 1.46, 7.3, 1.28, 2.88, 1310.0]

Test results: [1.9591703748064262]

Set starting node vals
None 

Test Input: [12.72, 1.75, 2.28, 22.5, 84.0, 1.38, 1.76, 0.48, 1.63, 3.3, 0.88, 2.42, 488.0]

Test results: [1.9591703748064262]

Set starting node vals
None 

Test Input: [11.81, 2.12, 2.74, 21.5, 134.0, 1.6, 0.99, 0.14, 1.56, 2.5, 0.95, 2.26, 625.0]

Test results: [1.9591703748064262]

Set starting node vals
None 

Test Input: [11.76, 2.68, 2.92, 20.0, 103.0, 1.75, 2.03, 0.6, 1.05, 3.8, 1.23, 2.5, 607.0]

Test results: [1.9591703748064262]

Set starting node vals
None 

Test Input: [13.49, 1.66, 2.24, 24.0, 87.0, 1.88, 1.84, 0.27, 1.03, 3.74, 0.98, 2.78, 472.0]

Test results: [1.9591703748064262]

Set starting node vals
None 

Test Input: [13.82, 1.75, 2.42, 14.0, 111.0, 3.88, 3.74, 0.32, 1.87, 7.05, 1.01, 3.26, 1190.0]

Test results: [1.9591703748064262]

Set starting node vals
None 

Test Input: [13.11, 1.9, 2.75, 25.5, 116.0, 2.2, 1.28, 0.26, 1.56, 7.1, 0.61, 1.33, 425.0]

Test results: [1.9591703748064262]

Set starting node vals
None 

Test Input: [11.66, 1.88, 1.92, 16.0, 97.0, 1.61, 1.57, 0.34, 1.15, 3.8, 1.23, 2.14, 428.0]

Test results: [1.9591703748064262]

Set starting node vals
None 

Test Input: [14.1, 2.16, 2.3, 18.0, 105.0, 2.95, 3.32, 0.22, 2.38, 5.75, 1.25, 3.17, 1510.0]

Test results: [1.9591703748064262]

Set starting node vals
None 

Test Input: [14.02, 1.68, 2.21, 16.0, 96.0, 2.65, 2.33, 0.26, 1.98, 4.7, 1.04, 3.59, 1035.0]

Test results: [1.9591703748064262]

Set starting node vals
None 

Test Input: [12.37, 1.17, 1.92, 19.6, 78.0, 2.11, 2.0, 0.27, 1.04, 4.68, 1.12, 3.48, 510.0]

Test results: [1.9591703748064262]

Set starting node vals
None 

Test Input: [12.37, 1.07, 2.1, 18.5, 88.0, 3.52, 3.75, 0.24, 1.95, 4.5, 1.04, 2.77, 660.0]

Test results: [1.9591703748064262]

Set starting node vals
None 

Test Input: [12.29, 1.61, 2.21, 20.4, 103.0, 1.1, 1.02, 0.37, 1.46, 3.05, 0.906, 1.82, 870.0]

Test results: [1.9591703748064262]

Set starting node vals
None 

Test Input: [14.06, 1.63, 2.28, 16.0, 126.0, 3.0, 3.17, 0.24, 2.1, 5.65, 1.09, 3.71, 780.0]

Test results: [1.9591703748064262]

Set starting node vals
None 

Test Input: [12.67, 0.98, 2.24, 18.0, 99.0, 2.2, 1.94, 0.3, 1.46, 2.62, 1.23, 3.16, 450.0]

Test results: [1.9591703748064262]

Set starting node vals
None 

Test Input: [13.56, 1.73, 2.46, 20.5, 116.0, 2.96, 2.78, 0.2, 2.45, 6.25, 0.98, 3.03, 1120.0]

Test results: [1.9591703748064262]

Set starting node vals
None 

Test Input: [13.05, 5.8, 2.13, 21.5, 86.0, 2.62, 2.65, 0.3, 2.01, 2.6, 0.73, 3.1, 380.0]

Test results: [1.9591703748064262]

Set starting node vals
None 

Test Input: [12.52, 2.43, 2.17, 21.0, 88.0, 2.55, 2.27, 0.26, 1.22, 2.0, 0.9, 2.78, 325.0]

Test results: [1.9591703748064262]

Set starting node vals
None 

Test Input: [12.29, 2.83, 2.22, 18.0, 88.0, 2.45, 2.25, 0.25, 1.99, 2.15, 1.15, 3.3, 290.0]

Test results: [1.9591703748064262]

Set starting node vals
None 

Test Input: [12.29, 3.17, 2.21, 18.0, 88.0, 2.85, 2.99, 0.45, 2.81, 2.3, 1.42, 2.83, 406.0]

Test results: [1.9591703748064262]

Set starting node vals
None 

Test Input: [14.2, 1.76, 2.45, 15.2, 112.0, 3.27, 3.39, 0.34, 1.97, 6.75, 1.05, 2.85, 1450.0]

Test results: [1.9591703748064262]

Set starting node vals
None 

Test Input: [12.64, 1.36, 2.02, 16.8, 100.0, 2.02, 1.41, 0.53, 0.62, 5.75, 0.98, 1.59, 450.0]

Test results: [1.9591703748064262]

Set starting node vals
None 

Test Input: [12.16, 1.61, 2.31, 22.8, 90.0, 1.78, 1.69, 0.43, 1.56, 2.45, 1.33, 2.26, 495.0]

Test results: [1.9591703748064262]

Set starting node vals
None 

Test Input: [14.06, 2.15, 2.61, 17.6, 121.0, 2.6, 2.51, 0.31, 1.25, 5.05, 1.06, 3.58, 1295.0]

Test results: [1.9591703748064262]

Set starting node vals
None 

Test Input: [14.23, 1.71, 2.43, 15.6, 127.0, 2.8, 3.06, 0.28, 2.29, 5.64, 1.04, 3.92, 1065.0]

Test results: [1.9591703748064262]

Set starting node vals
None 

Test Input: [11.45, 2.4, 2.42, 20.0, 96.0, 2.9, 2.79, 0.32, 1.83, 3.25, 0.8, 3.39, 625.0]

Test results: [1.9591703748064262]

Set starting node vals
None 

Test Input: [13.75, 1.73, 2.41, 16.0, 89.0, 2.6, 2.76, 0.29, 1.81, 5.6, 1.15, 2.9, 1320.0]

Test results: [1.9591703748064262]

Set starting node vals
None 

Test Input: [13.84, 4.12, 2.38, 19.5, 89.0, 1.8, 0.83, 0.48, 1.56, 9.01, 0.57, 1.64, 480.0]

Test results: [1.9591703748064262]

Set starting node vals
None 

Test Input: [12.33, 0.99, 1.95, 14.8, 136.0, 1.9, 1.85, 0.35, 2.76, 3.4, 1.06, 2.31, 750.0]

Test results: [1.9591703748064262]

Set starting node vals
None 

Test Input: [12.04, 4.3, 2.38, 22.0, 80.0, 2.1, 1.75, 0.42, 1.35, 2.6, 0.79, 2.57, 580.0]

Test results: [1.9591703748064262]

Set starting node vals
None 

Test Input: [13.62, 4.95, 2.35, 20.0, 92.0, 2.0, 0.8, 0.47, 1.02, 4.4, 0.91, 2.05, 550.0]

Test results: [1.9591703748064262]

Set starting node vals
None 

Test Input: [11.56, 2.05, 3.23, 28.5, 119.0, 3.18, 5.08, 0.47, 1.87, 6.0, 0.93, 3.69, 465.0]

Test results: [1.9591703748064262]

Set starting node vals
None 

Test Input: [11.82, 1.47, 1.99, 20.8, 86.0, 1.98, 1.6, 0.3, 1.53, 1.95, 0.95, 3.33, 495.0]

Test results: [1.9591703748064262]

Set starting node vals
None 

Test Input: [12.85, 3.27, 2.58, 22.0, 106.0, 1.65, 0.6, 0.6, 0.96, 5.58, 0.87, 2.11, 570.0]

Test results: [1.9591703748064262]

Relative Error: 33.53% 

Least Squares Error: 14.650050788334932 

Loss Squared Error: 0.42857142857142855 

Percent Misidentified: 42.86% 
