DATASET: indian2

Test inputs: 
[49.0, 1.0, 0.6, 0.1, 185.0, 17.0, 26.0, 6.6, 2.9, 0.7] [69.0, 1.0, 0.8, 0.2, 146.0, 42.0, 70.0, 8.4, 4.9, 1.4] [50.0, 2.0, 0.9, 0.2, 202.0, 20.0, 26.0, 7.2, 4.5, 1.66] [67.0, 2.0, 2.2, 1.1, 198.0, 42.0, 39.0, 7.2, 3.0, 0.7] [34.0, 2.0, 6.2, 3.0, 240.0, 1680.0, 850.0, 7.2, 4.0, 1.2] [58.0, 2.0, 1.7, 0.8, 188.0, 60.0, 84.0, 5.9, 3.5, 1.4] [27.0, 2.0, 1.0, 0.3, 180.0, 56.0, 111.0, 6.8, 3.9, 1.85] [50.0, 2.0, 1.1, 0.3, 175.0, 20.0, 19.0, 7.1, 4.5, 1.7] [57.0, 2.0, 4.5, 2.3, 315.0, 120.0, 105.0, 7.0, 4.0, 1.3] [38.0, 2.0, 0.8, 0.2, 247.0, 55.0, 92.0, 7.4, 4.3, 1.38] [22.0, 1.0, 6.7, 3.2, 850.0, 154.0, 248.0, 6.2, 2.8, 0.8] [46.0, 2.0, 20.0, 10.0, 254.0, 140.0, 540.0, 5.4, 3.0, 1.2] [32.0, 2.0, 15.9, 7.0, 280.0, 1350.0, 1600.0, 5.6, 2.8, 1.0] [62.0, 2.0, 7.3, 4.1, 490.0, 60.0, 68.0, 7.0, 3.3, 0.89] [42.0, 2.0, 2.7, 1.3, 219.0, 60.0, 180.0, 7.0, 3.2, 0.8] [36.0, 1.0, 1.2, 0.4, 358.0, 160.0, 90.0, 8.3, 4.4, 1.1] [49.0, 2.0, 0.6, 0.1, 218.0, 50.0, 53.0, 5.0, 2.4, 0.9] [64.0, 2.0, 0.9, 0.3, 310.0, 61.0, 58.0, 7.0, 3.4, 0.9] [54.0, 2.0, 2.2, 1.2, 195.0, 55.0, 95.0, 6.0, 3.7, 1.6] [30.0, 2.0, 0.8, 0.2, 174.0, 21.0, 47.0, 4.6, 2.3, 1.0] [45.0, 2.0, 2.9, 1.4, 210.0, 74.0, 68.0, 7.2, 3.6, 1.0] [26.0, 2.0, 2.0, 0.9, 195.0, 24.0, 65.0, 7.8, 4.3, 1.2] [60.0, 2.0, 2.4, 1.0, 1124.0, 30.0, 54.0, 5.2, 1.9, 0.5] [30.0, 1.0, 0.7, 0.2, 63.0, 31.0, 27.0, 5.8, 3.4, 1.4] [55.0, 2.0, 0.7, 0.2, 290.0, 53.0, 58.0, 6.8, 3.4, 1.0] [45.0, 1.0, 0.7, 0.2, 164.0, 21.0, 53.0, 4.5, 1.4, 0.45] [55.0, 2.0, 0.9, 0.2, 190.0, 25.0, 28.0, 5.9, 2.7, 0.8] [32.0, 2.0, 30.5, 17.1, 218.0, 39.0, 79.0, 5.5, 2.7, 0.9] [61.0, 2.0, 0.7, 0.2, 145.0, 53.0, 41.0, 5.8, 2.7, 0.87] [52.0, 2.0, 1.8, 0.8, 97.0, 85.0, 78.0, 6.4, 2.7, 0.7] [49.0, 2.0, 1.0, 0.3, 230.0, 48.0, 58.0, 8.4, 4.2, 1.0] [35.0, 2.0, 2.0, 1.1, 226.0, 33.0, 135.0, 6.0, 2.7, 0.8] [50.0, 1.0, 1.0, 0.5, 239.0, 16.0, 39.0, 7.5, 3.7, 0.9] [44.0, 2.0, 0.9, 0.2, 182.0, 29.0, 82.0, 7.1, 3.7, 1.0] [75.0, 2.0, 2.5, 1.2, 375.0, 85.0, 68.0, 6.4, 2.9, 0.8] [32.0, 2.0, 12.7, 8.4, 190.0, 28.0, 47.0, 5.4, 2.6, 0.9] [60.0, 2.0, 2.0, 0.8, 190.0, 45.0, 40.0, 6.0, 2.8, 0.8] [35.0, 2.0, 0.8, 0.2, 198.0, 36.0, 32.0, 7.0, 4.0, 1.3] [65.0, 2.0, 0.8, 0.2, 162.0, 30.0, 90.0, 3.8, 1.4, 0.5] [49.0, 2.0, 1.1, 0.5, 159.0, 30.0, 31.0, 7.0, 4.3, 1.5] [33.0, 2.0, 7.1, 3.7, 196.0, 622.0, 497.0, 6.9, 3.6, 1.09] [36.0, 2.0, 0.8, 0.2, 158.0, 29.0, 39.0, 6.0, 2.2, 0.5] [38.0, 1.0, 0.8, 0.2, 145.0, 19.0, 23.0, 6.1, 3.1, 1.03] [75.0, 2.0, 10.6, 5.0, 562.0, 37.0, 29.0, 5.1, 1.8, 0.5] [46.0, 2.0, 3.3, 1.5, 172.0, 25.0, 41.0, 5.6, 2.4, 0.7] [75.0, 1.0, 0.8, 0.2, 205.0, 27.0, 24.0, 4.4, 2.0, 0.8] [49.0, 2.0, 2.0, 0.6, 209.0, 48.0, 32.0, 5.7, 3.0, 1.1] [38.0, 2.0, 0.9, 0.3, 310.0, 15.0, 25.0, 5.5, 2.7, 1.0] [52.0, 1.0, 0.6, 0.1, 194.0, 10.0, 12.0, 6.9, 3.3, 0.9] [45.0, 1.0, 0.6, 0.1, 270.0, 23.0, 42.0, 5.1, 2.0, 0.5] [66.0, 2.0, 11.3, 5.6, 1110.0, 1250.0, 4929.0, 7.0, 2.4, 0.5] [48.0, 2.0, 5.0, 2.6, 555.0, 284.0, 190.0, 6.5, 3.3, 1.0] [30.0, 1.0, 0.8, 0.2, 198.0, 30.0, 58.0, 5.2, 2.8, 1.1] [48.0, 1.0, 1.1, 0.7, 527.0, 178.0, 250.0, 8.0, 4.2, 1.1] [22.0, 2.0, 2.4, 1.0, 340.0, 25.0, 21.0, 8.3, 4.5, 1.1] [46.0, 1.0, 0.8, 0.2, 182.0, 20.0, 40.0, 6.0, 2.9, 0.9] [53.0, 1.0, 0.9, 0.2, 210.0, 35.0, 32.0, 8.0, 3.9, 0.9] [40.0, 2.0, 0.7, 0.1, 202.0, 37.0, 29.0, 5.0, 2.6, 1.0] [35.0, 2.0, 1.6, 0.7, 157.0, 15.0, 44.0, 5.2, 2.5, 0.9] 
Test expected outputs: 
[2] [2] [1] [1] [1] [2] [2] [2] [1] [2] [1] [1] [1] [1] [1] [2] [1] [2] [1] [1] [1] [1] [1] [1] [1] [2] [1] [1] [1] [1] [1] [2] [1] [2] [1] [1] [1] [2] [1] [1] [1] [2] [2] [1] [1] [1] [2] [1] [2] [2] [1] [1] [1] [1] [1] [1] [2] [1] [1] 
ALGORITHM | Generations | Size | mRate | cRate | Threshold 
   D      |     1000      |  20    |  0.6  |  0.4  |   10.0     

Set starting node vals
None 

Test Input: [49.0, 1.0, 0.6, 0.1, 185.0, 17.0, 26.0, 6.6, 2.9, 0.7]

Test results: [1.0000004839518442]

Set starting node vals
None 

Test Input: [69.0, 1.0, 0.8, 0.2, 146.0, 42.0, 70.0, 8.4, 4.9, 1.4]

Test results: [1.0000004839518442]

Set starting node vals
None 

Test Input: [50.0, 2.0, 0.9, 0.2, 202.0, 20.0, 26.0, 7.2, 4.5, 1.66]

Test results: [1.0000004839518442]

Set starting node vals
None 

Test Input: [67.0, 2.0, 2.2, 1.1, 198.0, 42.0, 39.0, 7.2, 3.0, 0.7]

Test results: [1.0000004839518442]

Set starting node vals
None 

Test Input: [34.0, 2.0, 6.2, 3.0, 240.0, 1680.0, 850.0, 7.2, 4.0, 1.2]

Test results: [1.0000004839518442]

Set starting node vals
None 

Test Input: [58.0, 2.0, 1.7, 0.8, 188.0, 60.0, 84.0, 5.9, 3.5, 1.4]

Test results: [1.0000004839518442]

Set starting node vals
None 

Test Input: [27.0, 2.0, 1.0, 0.3, 180.0, 56.0, 111.0, 6.8, 3.9, 1.85]

Test results: [1.0000004839518442]

Set starting node vals
None 

Test Input: [50.0, 2.0, 1.1, 0.3, 175.0, 20.0, 19.0, 7.1, 4.5, 1.7]

Test results: [1.0000004839518442]

Set starting node vals
None 

Test Input: [57.0, 2.0, 4.5, 2.3, 315.0, 120.0, 105.0, 7.0, 4.0, 1.3]

Test results: [1.0000004839518442]

Set starting node vals
None 

Test Input: [38.0, 2.0, 0.8, 0.2, 247.0, 55.0, 92.0, 7.4, 4.3, 1.38]

Test results: [1.0000004839518442]

Set starting node vals
None 

Test Input: [22.0, 1.0, 6.7, 3.2, 850.0, 154.0, 248.0, 6.2, 2.8, 0.8]

Test results: [1.0000004839518442]

Set starting node vals
None 

Test Input: [46.0, 2.0, 20.0, 10.0, 254.0, 140.0, 540.0, 5.4, 3.0, 1.2]

Test results: [1.0000004839518442]

Set starting node vals
None 

Test Input: [32.0, 2.0, 15.9, 7.0, 280.0, 1350.0, 1600.0, 5.6, 2.8, 1.0]

Test results: [1.0000004839518442]

Set starting node vals
None 

Test Input: [62.0, 2.0, 7.3, 4.1, 490.0, 60.0, 68.0, 7.0, 3.3, 0.89]

Test results: [1.0000004839518442]

Set starting node vals
None 

Test Input: [42.0, 2.0, 2.7, 1.3, 219.0, 60.0, 180.0, 7.0, 3.2, 0.8]

Test results: [1.0000004839518442]

Set starting node vals
None 

Test Input: [36.0, 1.0, 1.2, 0.4, 358.0, 160.0, 90.0, 8.3, 4.4, 1.1]

Test results: [1.0000004839518442]

Set starting node vals
None 

Test Input: [49.0, 2.0, 0.6, 0.1, 218.0, 50.0, 53.0, 5.0, 2.4, 0.9]

Test results: [1.0000004839518442]

Set starting node vals
None 

Test Input: [64.0, 2.0, 0.9, 0.3, 310.0, 61.0, 58.0, 7.0, 3.4, 0.9]

Test results: [1.0000004839518442]

Set starting node vals
None 

Test Input: [54.0, 2.0, 2.2, 1.2, 195.0, 55.0, 95.0, 6.0, 3.7, 1.6]

Test results: [1.0000004839518442]

Set starting node vals
None 

Test Input: [30.0, 2.0, 0.8, 0.2, 174.0, 21.0, 47.0, 4.6, 2.3, 1.0]

Test results: [1.0000004839518442]

Set starting node vals
None 

Test Input: [45.0, 2.0, 2.9, 1.4, 210.0, 74.0, 68.0, 7.2, 3.6, 1.0]

Test results: [1.0000004839518442]

Set starting node vals
None 

Test Input: [26.0, 2.0, 2.0, 0.9, 195.0, 24.0, 65.0, 7.8, 4.3, 1.2]

Test results: [1.0000004839518442]

Set starting node vals
None 

Test Input: [60.0, 2.0, 2.4, 1.0, 1124.0, 30.0, 54.0, 5.2, 1.9, 0.5]

Test results: [1.0000004839518442]

Set starting node vals
None 

Test Input: [30.0, 1.0, 0.7, 0.2, 63.0, 31.0, 27.0, 5.8, 3.4, 1.4]

Test results: [1.0000004839518442]

Set starting node vals
None 

Test Input: [55.0, 2.0, 0.7, 0.2, 290.0, 53.0, 58.0, 6.8, 3.4, 1.0]

Test results: [1.0000004839518442]

Set starting node vals
None 

Test Input: [45.0, 1.0, 0.7, 0.2, 164.0, 21.0, 53.0, 4.5, 1.4, 0.45]

Test results: [1.0000004839518442]

Set starting node vals
None 

Test Input: [55.0, 2.0, 0.9, 0.2, 190.0, 25.0, 28.0, 5.9, 2.7, 0.8]

Test results: [1.0000004839518442]

Set starting node vals
None 

Test Input: [32.0, 2.0, 30.5, 17.1, 218.0, 39.0, 79.0, 5.5, 2.7, 0.9]

Test results: [1.0000004839518442]

Set starting node vals
None 

Test Input: [61.0, 2.0, 0.7, 0.2, 145.0, 53.0, 41.0, 5.8, 2.7, 0.87]

Test results: [1.0000004839518442]

Set starting node vals
None 

Test Input: [52.0, 2.0, 1.8, 0.8, 97.0, 85.0, 78.0, 6.4, 2.7, 0.7]

Test results: [1.0000004839518442]

Set starting node vals
None 

Test Input: [49.0, 2.0, 1.0, 0.3, 230.0, 48.0, 58.0, 8.4, 4.2, 1.0]

Test results: [1.0000004839518442]

Set starting node vals
None 

Test Input: [35.0, 2.0, 2.0, 1.1, 226.0, 33.0, 135.0, 6.0, 2.7, 0.8]

Test results: [1.0000004839518442]

Set starting node vals
None 

Test Input: [50.0, 1.0, 1.0, 0.5, 239.0, 16.0, 39.0, 7.5, 3.7, 0.9]

Test results: [1.0000004839518442]

Set starting node vals
None 

Test Input: [44.0, 2.0, 0.9, 0.2, 182.0, 29.0, 82.0, 7.1, 3.7, 1.0]

Test results: [1.0000004839518442]

Set starting node vals
None 

Test Input: [75.0, 2.0, 2.5, 1.2, 375.0, 85.0, 68.0, 6.4, 2.9, 0.8]

Test results: [1.0000004839518442]

Set starting node vals
None 

Test Input: [32.0, 2.0, 12.7, 8.4, 190.0, 28.0, 47.0, 5.4, 2.6, 0.9]

Test results: [1.0000004839518442]

Set starting node vals
None 

Test Input: [60.0, 2.0, 2.0, 0.8, 190.0, 45.0, 40.0, 6.0, 2.8, 0.8]

Test results: [1.0000004839518442]

Set starting node vals
None 

Test Input: [35.0, 2.0, 0.8, 0.2, 198.0, 36.0, 32.0, 7.0, 4.0, 1.3]

Test results: [1.0000004839518442]

Set starting node vals
None 

Test Input: [65.0, 2.0, 0.8, 0.2, 162.0, 30.0, 90.0, 3.8, 1.4, 0.5]

Test results: [1.0000004839518442]

Set starting node vals
None 

Test Input: [49.0, 2.0, 1.1, 0.5, 159.0, 30.0, 31.0, 7.0, 4.3, 1.5]

Test results: [1.0000004839518442]

Set starting node vals
None 

Test Input: [33.0, 2.0, 7.1, 3.7, 196.0, 622.0, 497.0, 6.9, 3.6, 1.09]

Test results: [1.0000004839518442]

Set starting node vals
None 

Test Input: [36.0, 2.0, 0.8, 0.2, 158.0, 29.0, 39.0, 6.0, 2.2, 0.5]

Test results: [1.0000004839518442]

Set starting node vals
None 

Test Input: [38.0, 1.0, 0.8, 0.2, 145.0, 19.0, 23.0, 6.1, 3.1, 1.03]

Test results: [1.0000004839518442]

Set starting node vals
None 

Test Input: [75.0, 2.0, 10.6, 5.0, 562.0, 37.0, 29.0, 5.1, 1.8, 0.5]

Test results: [1.0000004839518442]

Set starting node vals
None 

Test Input: [46.0, 2.0, 3.3, 1.5, 172.0, 25.0, 41.0, 5.6, 2.4, 0.7]

Test results: [1.0000004839518442]

Set starting node vals
None 

Test Input: [75.0, 1.0, 0.8, 0.2, 205.0, 27.0, 24.0, 4.4, 2.0, 0.8]

Test results: [1.0000004839518442]

Set starting node vals
None 

Test Input: [49.0, 2.0, 2.0, 0.6, 209.0, 48.0, 32.0, 5.7, 3.0, 1.1]

Test results: [1.0000004839518442]

Set starting node vals
None 

Test Input: [38.0, 2.0, 0.9, 0.3, 310.0, 15.0, 25.0, 5.5, 2.7, 1.0]

Test results: [1.0000004839518442]

Set starting node vals
None 

Test Input: [52.0, 1.0, 0.6, 0.1, 194.0, 10.0, 12.0, 6.9, 3.3, 0.9]

Test results: [1.0000004839518442]

Set starting node vals
None 

Test Input: [45.0, 1.0, 0.6, 0.1, 270.0, 23.0, 42.0, 5.1, 2.0, 0.5]

Test results: [1.0000004839518442]

Set starting node vals
None 

Test Input: [66.0, 2.0, 11.3, 5.6, 1110.0, 1250.0, 4929.0, 7.0, 2.4, 0.5]

Test results: [1.0000004839518442]

Set starting node vals
None 

Test Input: [48.0, 2.0, 5.0, 2.6, 555.0, 284.0, 190.0, 6.5, 3.3, 1.0]

Test results: [1.0000004839518442]

Set starting node vals
None 

Test Input: [30.0, 1.0, 0.8, 0.2, 198.0, 30.0, 58.0, 5.2, 2.8, 1.1]

Test results: [1.0000004839518442]

Set starting node vals
None 

Test Input: [48.0, 1.0, 1.1, 0.7, 527.0, 178.0, 250.0, 8.0, 4.2, 1.1]

Test results: [1.0000004839518442]

Set starting node vals
None 

Test Input: [22.0, 2.0, 2.4, 1.0, 340.0, 25.0, 21.0, 8.3, 4.5, 1.1]

Test results: [1.0000004839518442]

Set starting node vals
None 

Test Input: [46.0, 1.0, 0.8, 0.2, 182.0, 20.0, 40.0, 6.0, 2.9, 0.9]

Test results: [1.0000004839518442]

Set starting node vals
None 

Test Input: [53.0, 1.0, 0.9, 0.2, 210.0, 35.0, 32.0, 8.0, 3.9, 0.9]

Test results: [1.0000004839518442]

Set starting node vals
None 

Test Input: [40.0, 2.0, 0.7, 0.1, 202.0, 37.0, 29.0, 5.0, 2.6, 1.0]

Test results: [1.0000004839518442]

Set starting node vals
None 

Test Input: [35.0, 2.0, 1.6, 0.7, 157.0, 15.0, 44.0, 5.2, 2.5, 0.9]

Test results: [1.0000004839518442]

Relative Error: 15.25% 

Least Squares Error: 17.999982577747446 

Loss Squared Error: 0.3050847457627119 

Percent Misidentified: 30.51% 
