DATASET: page-blocks2

Test inputs: 
[8.0, 6.0, 48.0, 0.75, 0.313, 0.813, 1.88, 15.0, 39.0, 8.0] [7.0, 66.0, 462.0, 9.429, 0.294, 0.924, 1.46, 136.0, 427.0, 93.0] [7.0, 16.0, 112.0, 2.286, 0.464, 0.884, 3.25, 52.0, 99.0, 16.0] [8.0, 14.0, 112.0, 1.75, 0.482, 0.679, 3.0, 54.0, 76.0, 18.0] [7.0, 172.0, 1204.0, 24.571, 0.294, 0.967, 2.07, 354.0, 1164.0, 171.0] [25.0, 494.0, 12350.0, 19.76, 0.462, 0.93, 7.35, 5707.0, 11482.0, 776.0] [8.0, 12.0, 96.0, 1.5, 0.438, 0.927, 2.1, 42.0, 89.0, 20.0] [16.0, 106.0, 1696.0, 6.625, 0.192, 0.593, 1.49, 325.0, 1005.0, 218.0] [4.0, 24.0, 96.0, 6.0, 0.573, 0.958, 2.04, 55.0, 92.0, 27.0] [8.0, 14.0, 112.0, 1.75, 0.339, 0.884, 1.73, 38.0, 99.0, 22.0] [10.0, 19.0, 190.0, 1.9, 0.584, 0.816, 6.94, 111.0, 155.0, 16.0] [9.0, 35.0, 315.0, 3.889, 0.273, 0.654, 1.65, 86.0, 206.0, 52.0] [6.0, 11.0, 66.0, 1.833, 0.197, 0.848, 1.3, 13.0, 56.0, 10.0] [9.0, 108.0, 972.0, 12.0, 0.364, 0.794, 2.15, 354.0, 772.0, 165.0] [11.0, 184.0, 2024.0, 16.727, 0.455, 0.76, 4.72, 920.0, 1539.0, 195.0] [1.0, 36.0, 36.0, 36.0, 0.222, 1.0, 1.14, 8.0, 36.0, 7.0] [10.0, 49.0, 490.0, 4.9, 0.529, 0.939, 3.01, 259.0, 460.0, 86.0] [8.0, 36.0, 288.0, 4.5, 0.299, 0.531, 2.21, 86.0, 153.0, 39.0] [8.0, 40.0, 320.0, 5.0, 0.363, 0.806, 1.68, 116.0, 258.0, 69.0] [10.0, 46.0, 460.0, 4.6, 0.3, 0.604, 2.09, 138.0, 278.0, 66.0] [8.0, 19.0, 152.0, 2.375, 0.382, 0.724, 1.93, 58.0, 110.0, 30.0] [11.0, 22.0, 242.0, 2.0, 0.603, 0.81, 8.59, 146.0, 196.0, 17.0] [7.0, 45.0, 315.0, 6.429, 0.483, 0.984, 2.45, 152.0, 310.0, 62.0] [8.0, 309.0, 2472.0, 38.625, 0.186, 0.644, 1.41, 459.0, 1593.0, 325.0] [6.0, 94.0, 564.0, 15.667, 0.184, 0.934, 1.32, 104.0, 527.0, 79.0] [5.0, 9.0, 45.0, 1.8, 0.178, 0.533, 1.6, 8.0, 24.0, 5.0] [10.0, 9.0, 90.0, 0.9, 0.222, 1.0, 1.25, 20.0, 90.0, 16.0] [8.0, 8.0, 64.0, 1.0, 0.516, 1.0, 2.36, 33.0, 64.0, 14.0] [10.0, 94.0, 940.0, 9.4, 0.286, 1.0, 1.78, 269.0, 940.0, 151.0] [7.0, 11.0, 77.0, 1.571, 0.312, 0.844, 1.33, 24.0, 65.0, 18.0] [6.0, 19.0, 114.0, 3.167, 0.289, 0.789, 1.38, 33.0, 90.0, 24.0] [7.0, 11.0, 77.0, 1.571, 0.416, 0.961, 1.6, 32.0, 74.0, 20.0] [6.0, 96.0, 576.0, 16.0, 0.26, 0.856, 1.53, 150.0, 493.0, 98.0] [7.0, 70.0, 490.0, 10.0, 0.371, 0.971, 1.9, 182.0, 476.0, 96.0] [7.0, 14.0, 98.0, 2.0, 0.255, 0.735, 1.56, 25.0, 72.0, 16.0] [7.0, 41.0, 287.0, 5.857, 0.355, 0.857, 1.85, 102.0, 246.0, 55.0] [8.0, 18.0, 144.0, 2.25, 0.424, 0.889, 2.03, 61.0, 128.0, 30.0] [8.0, 24.0, 192.0, 3.0, 0.318, 0.688, 2.65, 61.0, 132.0, 23.0] [3.0, 3.0, 9.0, 1.0, 0.778, 0.778, 7.0, 7.0, 7.0, 1.0] [10.0, 20.0, 200.0, 2.0, 0.435, 0.89, 2.9, 87.0, 178.0, 30.0] [9.0, 32.0, 288.0, 3.556, 0.299, 0.691, 2.1, 86.0, 199.0, 41.0] [10.0, 197.0, 1970.0, 19.7, 0.245, 0.751, 1.87, 482.0, 1479.0, 258.0] [10.0, 9.0, 90.0, 0.9, 0.689, 0.789, 10.33, 62.0, 71.0, 6.0] [8.0, 31.0, 248.0, 3.875, 0.298, 0.871, 1.45, 74.0, 216.0, 51.0] [14.0, 102.0, 1428.0, 7.286, 0.356, 0.709, 2.96, 509.0, 1013.0, 172.0] [2.0, 63.0, 126.0, 31.5, 0.341, 0.508, 10.75, 43.0, 64.0, 4.0] [12.0, 1.0, 12.0, 0.083, 1.0, 1.0, 12.0, 12.0, 12.0, 1.0] [2.0, 100.0, 200.0, 50.0, 0.46, 0.505, 11.5, 92.0, 101.0, 8.0] [9.0, 272.0, 2448.0, 30.222, 0.277, 0.67, 1.86, 679.0, 1640.0, 365.0] [9.0, 114.0, 1026.0, 12.667, 0.272, 0.741, 1.86, 279.0, 760.0, 150.0] [7.0, 173.0, 1211.0, 24.714, 0.207, 0.86, 1.34, 251.0, 1042.0, 187.0] [11.0, 21.0, 231.0, 1.909, 0.316, 0.58, 4.29, 73.0, 134.0, 17.0] [9.0, 306.0, 2754.0, 34.0, 0.192, 0.751, 1.4, 530.0, 2069.0, 378.0] [8.0, 43.0, 344.0, 5.375, 0.349, 0.814, 2.26, 120.0, 280.0, 53.0] [5.0, 6.0, 30.0, 1.2, 0.433, 1.0, 1.63, 13.0, 30.0, 8.0] [10.0, 262.0, 2620.0, 26.2, 0.29, 0.826, 1.76, 761.0, 2163.0, 432.0] [11.0, 20.0, 220.0, 1.818, 0.223, 0.373, 2.58, 49.0, 82.0, 19.0] [1.0, 106.0, 106.0, 106.0, 0.858, 1.0, 15.17, 91.0, 106.0, 6.0] [1.0, 25.0, 25.0, 25.0, 1.0, 1.0, 25.0, 25.0, 25.0, 1.0] 
Test expected outputs: 
[1] [1] [1] [1] [1] [1] [1] [1] [1] [1] [1] [1] [1] [1] [1] [1] [1] [1] [1] [1] [1] [1] [1] [1] [1] [5] [1] [1] [1] [1] [1] [1] [1] [1] [1] [1] [1] [1] [1] [1] [1] [1] [1] [1] [1] [2] [4] [2] [1] [1] [1] [1] [1] [1] [1] [1] [1] [2] [4] 
ALGORITHM | Generations | Size | mRate | cRate | Threshold 
   D      |     1000      |  20    |  0.6  |  0.4  |   10.0     

Set starting node vals
None 

Test Input: [8.0, 6.0, 48.0, 0.75, 0.313, 0.813, 1.88, 15.0, 39.0, 8.0]

Test results: [1.0034407700978087]

Set starting node vals
None 

Test Input: [7.0, 66.0, 462.0, 9.429, 0.294, 0.924, 1.46, 136.0, 427.0, 93.0]

Test results: [1.0034391747461258]

Set starting node vals
None 

Test Input: [7.0, 16.0, 112.0, 2.286, 0.464, 0.884, 3.25, 52.0, 99.0, 16.0]

Test results: [1.0034391747461258]

Set starting node vals
None 

Test Input: [8.0, 14.0, 112.0, 1.75, 0.482, 0.679, 3.0, 54.0, 76.0, 18.0]

Test results: [1.0034391989024272]

Set starting node vals
None 

Test Input: [7.0, 172.0, 1204.0, 24.571, 0.294, 0.967, 2.07, 354.0, 1164.0, 171.0]

Test results: [1.0034391747461258]

Set starting node vals
None 

Test Input: [25.0, 494.0, 12350.0, 19.76, 0.462, 0.93, 7.35, 5707.0, 11482.0, 776.0]

Test results: [1.0034391747461258]

Set starting node vals
None 

Test Input: [8.0, 12.0, 96.0, 1.5, 0.438, 0.927, 2.1, 42.0, 89.0, 20.0]

Test results: [1.0034391747463476]

Set starting node vals
None 

Test Input: [16.0, 106.0, 1696.0, 6.625, 0.192, 0.593, 1.49, 325.0, 1005.0, 218.0]

Test results: [1.0034391747461258]

Set starting node vals
None 

Test Input: [4.0, 24.0, 96.0, 6.0, 0.573, 0.958, 2.04, 55.0, 92.0, 27.0]

Test results: [1.003440297303633]

Set starting node vals
None 

Test Input: [8.0, 14.0, 112.0, 1.75, 0.339, 0.884, 1.73, 38.0, 99.0, 22.0]

Test results: [1.0034391747468825]

Set starting node vals
None 

Test Input: [10.0, 19.0, 190.0, 1.9, 0.584, 0.816, 6.94, 111.0, 155.0, 16.0]

Test results: [1.0034391747461258]

Set starting node vals
None 

Test Input: [9.0, 35.0, 315.0, 3.889, 0.273, 0.654, 1.65, 86.0, 206.0, 52.0]

Test results: [1.0034391747461258]

Set starting node vals
None 

Test Input: [6.0, 11.0, 66.0, 1.833, 0.197, 0.848, 1.3, 13.0, 56.0, 10.0]

Test results: [1.0034567378160608]

Set starting node vals
None 

Test Input: [9.0, 108.0, 972.0, 12.0, 0.364, 0.794, 2.15, 354.0, 772.0, 165.0]

Test results: [1.0034391747461258]

Set starting node vals
None 

Test Input: [11.0, 184.0, 2024.0, 16.727, 0.455, 0.76, 4.72, 920.0, 1539.0, 195.0]

Test results: [1.0034391747461258]

Set starting node vals
None 

Test Input: [1.0, 36.0, 36.0, 36.0, 0.222, 1.0, 1.14, 8.0, 36.0, 7.0]

Test results: [1.0715191553529293]

Set starting node vals
None 

Test Input: [10.0, 49.0, 490.0, 4.9, 0.529, 0.939, 3.01, 259.0, 460.0, 86.0]

Test results: [1.0034391747461258]

Set starting node vals
None 

Test Input: [8.0, 36.0, 288.0, 4.5, 0.299, 0.531, 2.21, 86.0, 153.0, 39.0]

Test results: [1.0034391747789724]

Set starting node vals
None 

Test Input: [8.0, 40.0, 320.0, 5.0, 0.363, 0.806, 1.68, 116.0, 258.0, 69.0]

Test results: [1.0034391747461258]

Set starting node vals
None 

Test Input: [10.0, 46.0, 460.0, 4.6, 0.3, 0.604, 2.09, 138.0, 278.0, 66.0]

Test results: [1.0034391747461258]

Set starting node vals
None 

Test Input: [8.0, 19.0, 152.0, 2.375, 0.382, 0.724, 1.93, 58.0, 110.0, 30.0]

Test results: [1.0034391747461275]

Set starting node vals
None 

Test Input: [11.0, 22.0, 242.0, 2.0, 0.603, 0.81, 8.59, 146.0, 196.0, 17.0]

Test results: [1.0034391747461258]

Set starting node vals
None 

Test Input: [7.0, 45.0, 315.0, 6.429, 0.483, 0.984, 2.45, 152.0, 310.0, 62.0]

Test results: [1.0034391747461258]

Set starting node vals
None 

Test Input: [8.0, 309.0, 2472.0, 38.625, 0.186, 0.644, 1.41, 459.0, 1593.0, 325.0]

Test results: [1.0034391747461258]

Set starting node vals
None 

Test Input: [6.0, 94.0, 564.0, 15.667, 0.184, 0.934, 1.32, 104.0, 527.0, 79.0]

Test results: [1.0034391747461258]

Set starting node vals
None 

Test Input: [5.0, 9.0, 45.0, 1.8, 0.178, 0.533, 1.6, 8.0, 24.0, 5.0]

Test results: [1.0037759949482365]

Set starting node vals
None 

Test Input: [10.0, 9.0, 90.0, 0.9, 0.222, 1.0, 1.25, 20.0, 90.0, 16.0]

Test results: [1.0034391913369436]

Set starting node vals
None 

Test Input: [8.0, 8.0, 64.0, 1.0, 0.516, 1.0, 2.36, 33.0, 64.0, 14.0]

Test results: [1.0034391748732179]

Set starting node vals
None 

Test Input: [10.0, 94.0, 940.0, 9.4, 0.286, 1.0, 1.78, 269.0, 940.0, 151.0]

Test results: [1.0034391747461258]

Set starting node vals
None 

Test Input: [7.0, 11.0, 77.0, 1.571, 0.312, 0.844, 1.33, 24.0, 65.0, 18.0]

Test results: [1.0034392293707164]

Set starting node vals
None 

Test Input: [6.0, 19.0, 114.0, 3.167, 0.289, 0.789, 1.38, 33.0, 90.0, 24.0]

Test results: [1.0034391751958756]

Set starting node vals
None 

Test Input: [7.0, 11.0, 77.0, 1.571, 0.416, 0.961, 1.6, 32.0, 74.0, 20.0]

Test results: [1.0034391765034048]

Set starting node vals
None 

Test Input: [6.0, 96.0, 576.0, 16.0, 0.26, 0.856, 1.53, 150.0, 493.0, 98.0]

Test results: [1.0034391747461258]

Set starting node vals
None 

Test Input: [7.0, 70.0, 490.0, 10.0, 0.371, 0.971, 1.9, 182.0, 476.0, 96.0]

Test results: [1.0034391747461258]

Set starting node vals
None 

Test Input: [7.0, 14.0, 98.0, 2.0, 0.255, 0.735, 1.56, 25.0, 72.0, 16.0]

Test results: [1.0034391757755]

Set starting node vals
None 

Test Input: [7.0, 41.0, 287.0, 5.857, 0.355, 0.857, 1.85, 102.0, 246.0, 55.0]

Test results: [1.0034391747461258]

Set starting node vals
None 

Test Input: [8.0, 18.0, 144.0, 2.25, 0.424, 0.889, 2.03, 61.0, 128.0, 30.0]

Test results: [1.0034391747461258]

Set starting node vals
None 

Test Input: [8.0, 24.0, 192.0, 3.0, 0.318, 0.688, 2.65, 61.0, 132.0, 23.0]

Test results: [1.0034391747461258]

Set starting node vals
None 

Test Input: [3.0, 3.0, 9.0, 1.0, 0.778, 0.778, 7.0, 7.0, 7.0, 1.0]

Test results: [1.0386044092510427]

Set starting node vals
None 

Test Input: [10.0, 20.0, 200.0, 2.0, 0.435, 0.89, 2.9, 87.0, 178.0, 30.0]

Test results: [1.0034391747461258]

Set starting node vals
None 

Test Input: [9.0, 32.0, 288.0, 3.556, 0.299, 0.691, 2.1, 86.0, 199.0, 41.0]

Test results: [1.0034391747461258]

Set starting node vals
None 

Test Input: [10.0, 197.0, 1970.0, 19.7, 0.245, 0.751, 1.87, 482.0, 1479.0, 258.0]

Test results: [1.0034391747461258]

Set starting node vals
None 

Test Input: [10.0, 9.0, 90.0, 0.9, 0.689, 0.789, 10.33, 62.0, 71.0, 6.0]

Test results: [1.003439183662817]

Set starting node vals
None 

Test Input: [8.0, 31.0, 248.0, 3.875, 0.298, 0.871, 1.45, 74.0, 216.0, 51.0]

Test results: [1.0034391747461258]

Set starting node vals
None 

Test Input: [14.0, 102.0, 1428.0, 7.286, 0.356, 0.709, 2.96, 509.0, 1013.0, 172.0]

Test results: [1.0034391747461258]

Set starting node vals
None 

Test Input: [2.0, 63.0, 126.0, 31.5, 0.341, 0.508, 10.75, 43.0, 64.0, 4.0]

Test results: [1.0387814048004158]

Set starting node vals
None 

Test Input: [12.0, 1.0, 12.0, 0.083, 1.0, 1.0, 12.0, 12.0, 12.0, 1.0]

Test results: [1.00621942901885]

Set starting node vals
None 

Test Input: [2.0, 100.0, 200.0, 50.0, 0.46, 0.505, 11.5, 92.0, 101.0, 8.0]

Test results: [1.0387811098972757]

Set starting node vals
None 

Test Input: [9.0, 272.0, 2448.0, 30.222, 0.277, 0.67, 1.86, 679.0, 1640.0, 365.0]

Test results: [1.0034391747461258]

Set starting node vals
None 

Test Input: [9.0, 114.0, 1026.0, 12.667, 0.272, 0.741, 1.86, 279.0, 760.0, 150.0]

Test results: [1.0034391747461258]

Set starting node vals
None 

Test Input: [7.0, 173.0, 1211.0, 24.714, 0.207, 0.86, 1.34, 251.0, 1042.0, 187.0]

Test results: [1.0034391747461258]

Set starting node vals
None 

Test Input: [11.0, 21.0, 231.0, 1.909, 0.316, 0.58, 4.29, 73.0, 134.0, 17.0]

Test results: [1.0034391747461258]

Set starting node vals
None 

Test Input: [9.0, 306.0, 2754.0, 34.0, 0.192, 0.751, 1.4, 530.0, 2069.0, 378.0]

Test results: [1.0034391747461258]

Set starting node vals
None 

Test Input: [8.0, 43.0, 344.0, 5.375, 0.349, 0.814, 2.26, 120.0, 280.0, 53.0]

Test results: [1.0034391747461258]

Set starting node vals
None 

Test Input: [5.0, 6.0, 30.0, 1.2, 0.433, 1.0, 1.63, 13.0, 30.0, 8.0]

Test results: [1.0036314549342251]

Set starting node vals
None 

Test Input: [10.0, 262.0, 2620.0, 26.2, 0.29, 0.826, 1.76, 761.0, 2163.0, 432.0]

Test results: [1.0034394119135193]

Set starting node vals
None 

Test Input: [11.0, 20.0, 220.0, 1.818, 0.223, 0.373, 2.58, 49.0, 82.0, 19.0]

Test results: [1.0034436873189863]

Set starting node vals
None 

Test Input: [1.0, 106.0, 106.0, 106.0, 0.858, 1.0, 15.17, 91.0, 106.0, 6.0]

Test results: [1.2463654079843347]

Set starting node vals
None 

Test Input: [1.0, 25.0, 25.0, 25.0, 1.0, 1.0, 25.0, 25.0, 25.0, 1.0]

Test results: [1.0596829755223265]

Relative Error: 6.62% 

Least Squares Error: 36.0010506977509 

Loss Squared Error: 0.6271186440677966 

Percent Misidentified: 10.17% 
