DATASET: wine

Test inputs: 
[11.65, 1.67, 2.62, 26.0, 88.0, 1.92, 1.61, 0.4, 1.34, 2.6, 1.36, 3.21, 562.0] [13.69, 3.26, 2.54, 20.0, 107.0, 1.83, 0.56, 0.5, 0.8, 5.88, 0.96, 1.82, 680.0] [12.42, 4.43, 2.73, 26.5, 102.0, 2.2, 2.13, 0.43, 1.71, 2.08, 0.92, 3.12, 365.0] [13.48, 1.81, 2.41, 20.5, 100.0, 2.7, 2.98, 0.26, 1.86, 5.1, 1.04, 3.47, 920.0] [12.64, 1.36, 2.02, 16.8, 100.0, 2.02, 1.41, 0.53, 0.62, 5.75, 0.98, 1.59, 450.0] [12.33, 0.99, 1.95, 14.8, 136.0, 1.9, 1.85, 0.35, 2.76, 3.4, 1.06, 2.31, 750.0] [13.71, 1.86, 2.36, 16.6, 101.0, 2.61, 2.88, 0.27, 1.69, 3.8, 1.11, 4.0, 1035.0] [12.85, 3.27, 2.58, 22.0, 106.0, 1.65, 0.6, 0.6, 0.96, 5.58, 0.87, 2.11, 570.0] [12.45, 3.03, 2.64, 27.0, 97.0, 1.9, 0.58, 0.63, 1.14, 7.5, 0.67, 1.73, 880.0] [12.82, 3.37, 2.3, 19.5, 88.0, 1.48, 0.66, 0.4, 0.97, 10.26, 0.72, 1.75, 685.0] [14.83, 1.64, 2.17, 14.0, 97.0, 2.8, 2.98, 0.29, 1.98, 5.2, 1.08, 2.85, 1045.0] [13.5, 3.12, 2.62, 24.0, 123.0, 1.4, 1.57, 0.22, 1.25, 8.6, 0.59, 1.3, 500.0] [12.0, 1.51, 2.42, 22.0, 86.0, 1.45, 1.25, 0.5, 1.63, 3.6, 1.05, 2.65, 450.0] [14.19, 1.59, 2.48, 16.5, 108.0, 3.3, 3.93, 0.32, 1.86, 8.7, 1.23, 2.82, 1680.0] [14.22, 1.7, 2.3, 16.3, 118.0, 3.2, 3.0, 0.26, 2.03, 6.38, 0.94, 3.31, 970.0] [12.08, 1.33, 2.3, 23.6, 70.0, 2.2, 1.59, 0.42, 1.38, 1.74, 1.07, 3.21, 625.0] [13.77, 1.9, 2.68, 17.1, 115.0, 3.0, 2.79, 0.39, 1.68, 6.3, 1.13, 2.93, 1375.0] [12.53, 5.51, 2.64, 25.0, 96.0, 1.79, 0.6, 0.63, 1.1, 5.0, 0.82, 1.69, 515.0] [13.94, 1.73, 2.27, 17.4, 108.0, 2.88, 3.54, 0.32, 2.08, 8.9, 1.12, 3.1, 1260.0] [12.51, 1.73, 1.98, 20.5, 85.0, 2.2, 1.92, 0.32, 1.48, 2.94, 1.04, 3.57, 672.0] [14.2, 1.76, 2.45, 15.2, 112.0, 3.27, 3.39, 0.34, 1.97, 6.75, 1.05, 2.85, 1450.0] [14.37, 1.95, 2.5, 16.8, 113.0, 3.85, 3.49, 0.24, 2.18, 7.8, 0.86, 3.45, 1480.0] [12.29, 1.41, 1.98, 16.0, 85.0, 2.55, 2.5, 0.29, 1.77, 2.9, 1.23, 2.74, 428.0] [12.21, 1.19, 1.75, 16.8, 151.0, 1.85, 1.28, 0.14, 2.5, 2.85, 1.28, 3.07, 718.0] [12.85, 1.6, 2.52, 17.8, 95.0, 2.48, 2.37, 0.26, 1.46, 3.93, 1.09, 3.63, 1015.0] [13.58, 2.58, 2.69, 24.5, 105.0, 1.55, 0.84, 0.39, 1.54, 8.66, 0.74, 1.8, 750.0] [13.87, 1.9, 2.8, 19.4, 107.0, 2.95, 2.97, 0.37, 1.76, 4.5, 1.25, 3.4, 915.0] [11.66, 1.88, 1.92, 16.0, 97.0, 1.61, 1.57, 0.34, 1.15, 3.8, 1.23, 2.14, 428.0] [12.0, 3.43, 2.0, 19.0, 87.0, 2.0, 1.64, 0.37, 1.87, 1.28, 0.93, 3.05, 564.0] [12.25, 4.72, 2.54, 21.0, 89.0, 1.38, 0.47, 0.53, 0.8, 3.85, 0.75, 1.27, 720.0] [13.11, 1.9, 2.75, 25.5, 116.0, 2.2, 1.28, 0.26, 1.56, 7.1, 0.61, 1.33, 425.0] [13.2, 1.78, 2.14, 11.2, 100.0, 2.65, 2.76, 0.26, 1.28, 4.38, 1.05, 3.4, 1050.0] [12.7, 3.55, 2.36, 21.5, 106.0, 1.7, 1.2, 0.17, 0.84, 5.0, 0.78, 1.29, 600.0] [13.9, 1.68, 2.12, 16.0, 101.0, 3.1, 3.39, 0.21, 2.14, 6.1, 0.91, 3.33, 985.0] [12.77, 2.39, 2.28, 19.5, 86.0, 1.39, 0.51, 0.48, 0.64, 9.899999, 0.57, 1.63, 470.0] 
Test expected outputs: 
[2] [3] [2] [1] [2] [2] [1] [3] [3] [3] [1] [3] [2] [1] [1] [2] [1] [3] [1] [2] [1] [1] [2] [2] [1] [3] [1] [2] [2] [3] [3] [1] [3] [1] [3] 
ALGORITHM | Generations | Size | mRate | cRate | Threshold 
   D      |     1000      |  20    |  0.6  |  0.4  |   20.0     

Set starting node vals
None 

Test Input: [11.65, 1.67, 2.62, 26.0, 88.0, 1.92, 1.61, 0.4, 1.34, 2.6, 1.36, 3.21, 562.0]

Test results: [2.0108380684866285]

Set starting node vals
None 

Test Input: [13.69, 3.26, 2.54, 20.0, 107.0, 1.83, 0.56, 0.5, 0.8, 5.88, 0.96, 1.82, 680.0]

Test results: [2.0108380684866285]

Set starting node vals
None 

Test Input: [12.42, 4.43, 2.73, 26.5, 102.0, 2.2, 2.13, 0.43, 1.71, 2.08, 0.92, 3.12, 365.0]

Test results: [2.0108380684866285]

Set starting node vals
None 

Test Input: [13.48, 1.81, 2.41, 20.5, 100.0, 2.7, 2.98, 0.26, 1.86, 5.1, 1.04, 3.47, 920.0]

Test results: [1.0600345293533409]

Set starting node vals
None 

Test Input: [12.64, 1.36, 2.02, 16.8, 100.0, 2.02, 1.41, 0.53, 0.62, 5.75, 0.98, 1.59, 450.0]

Test results: [2.0108380684866285]

Set starting node vals
None 

Test Input: [12.33, 0.99, 1.95, 14.8, 136.0, 1.9, 1.85, 0.35, 2.76, 3.4, 1.06, 2.31, 750.0]

Test results: [2.0108380684866285]

Set starting node vals
None 

Test Input: [13.71, 1.86, 2.36, 16.6, 101.0, 2.61, 2.88, 0.27, 1.69, 3.8, 1.11, 4.0, 1035.0]

Test results: [1.0420038383788996]

Set starting node vals
None 

Test Input: [12.85, 3.27, 2.58, 22.0, 106.0, 1.65, 0.6, 0.6, 0.96, 5.58, 0.87, 2.11, 570.0]

Test results: [2.0108380684866285]

Set starting node vals
None 

Test Input: [12.45, 3.03, 2.64, 27.0, 97.0, 1.9, 0.58, 0.63, 1.14, 7.5, 0.67, 1.73, 880.0]

Test results: [2.0134026585847176]

Set starting node vals
None 

Test Input: [12.82, 3.37, 2.3, 19.5, 88.0, 1.48, 0.66, 0.4, 0.97, 10.26, 0.72, 1.75, 685.0]

Test results: [2.0108380684866285]

Set starting node vals
None 

Test Input: [14.83, 1.64, 2.17, 14.0, 97.0, 2.8, 2.98, 0.29, 1.98, 5.2, 1.08, 2.85, 1045.0]

Test results: [1.0420038383788996]

Set starting node vals
None 

Test Input: [13.5, 3.12, 2.62, 24.0, 123.0, 1.4, 1.57, 0.22, 1.25, 8.6, 0.59, 1.3, 500.0]

Test results: [2.0108380684866285]

Set starting node vals
None 

Test Input: [12.0, 1.51, 2.42, 22.0, 86.0, 1.45, 1.25, 0.5, 1.63, 3.6, 1.05, 2.65, 450.0]

Test results: [2.0108380684866285]

Set starting node vals
None 

Test Input: [14.19, 1.59, 2.48, 16.5, 108.0, 3.3, 3.93, 0.32, 1.86, 8.7, 1.23, 2.82, 1680.0]

Test results: [1.0420038383788996]

Set starting node vals
None 

Test Input: [14.22, 1.7, 2.3, 16.3, 118.0, 3.2, 3.0, 0.26, 2.03, 6.38, 0.94, 3.31, 970.0]

Test results: [2.0108380684866285]

Set starting node vals
None 

Test Input: [12.08, 1.33, 2.3, 23.6, 70.0, 2.2, 1.59, 0.42, 1.38, 1.74, 1.07, 3.21, 625.0]

Test results: [1.042007961177751]

Set starting node vals
None 

Test Input: [13.77, 1.9, 2.68, 17.1, 115.0, 3.0, 2.79, 0.39, 1.68, 6.3, 1.13, 2.93, 1375.0]

Test results: [1.0420038383788996]

Set starting node vals
None 

Test Input: [12.53, 5.51, 2.64, 25.0, 96.0, 1.79, 0.6, 0.63, 1.1, 5.0, 0.82, 1.69, 515.0]

Test results: [2.0108380684866285]

Set starting node vals
None 

Test Input: [13.94, 1.73, 2.27, 17.4, 108.0, 2.88, 3.54, 0.32, 2.08, 8.9, 1.12, 3.1, 1260.0]

Test results: [1.0420038383788996]

Set starting node vals
None 

Test Input: [12.51, 1.73, 1.98, 20.5, 85.0, 2.2, 1.92, 0.32, 1.48, 2.94, 1.04, 3.57, 672.0]

Test results: [2.0108380684866285]

Set starting node vals
None 

Test Input: [14.2, 1.76, 2.45, 15.2, 112.0, 3.27, 3.39, 0.34, 1.97, 6.75, 1.05, 2.85, 1450.0]

Test results: [1.0420038383788996]

Set starting node vals
None 

Test Input: [14.37, 1.95, 2.5, 16.8, 113.0, 3.85, 3.49, 0.24, 2.18, 7.8, 0.86, 3.45, 1480.0]

Test results: [1.0420038383788996]

Set starting node vals
None 

Test Input: [12.29, 1.41, 1.98, 16.0, 85.0, 2.55, 2.5, 0.29, 1.77, 2.9, 1.23, 2.74, 428.0]

Test results: [2.0108380684866285]

Set starting node vals
None 

Test Input: [12.21, 1.19, 1.75, 16.8, 151.0, 1.85, 1.28, 0.14, 2.5, 2.85, 1.28, 3.07, 718.0]

Test results: [2.0108380684866285]

Set starting node vals
None 

Test Input: [12.85, 1.6, 2.52, 17.8, 95.0, 2.48, 2.37, 0.26, 1.46, 3.93, 1.09, 3.63, 1015.0]

Test results: [1.0420038383788996]

Set starting node vals
None 

Test Input: [13.58, 2.58, 2.69, 24.5, 105.0, 1.55, 0.84, 0.39, 1.54, 8.66, 0.74, 1.8, 750.0]

Test results: [2.0108380684866285]

Set starting node vals
None 

Test Input: [13.87, 1.9, 2.8, 19.4, 107.0, 2.95, 2.97, 0.37, 1.76, 4.5, 1.25, 3.4, 915.0]

Test results: [2.0108380684866285]

Set starting node vals
None 

Test Input: [11.66, 1.88, 1.92, 16.0, 97.0, 1.61, 1.57, 0.34, 1.15, 3.8, 1.23, 2.14, 428.0]

Test results: [2.0108380684866285]

Set starting node vals
None 

Test Input: [12.0, 3.43, 2.0, 19.0, 87.0, 2.0, 1.64, 0.37, 1.87, 1.28, 0.93, 3.05, 564.0]

Test results: [2.0108380684866285]

Set starting node vals
None 

Test Input: [12.25, 4.72, 2.54, 21.0, 89.0, 1.38, 0.47, 0.53, 0.8, 3.85, 0.75, 1.27, 720.0]

Test results: [2.0108380684866285]

Set starting node vals
None 

Test Input: [13.11, 1.9, 2.75, 25.5, 116.0, 2.2, 1.28, 0.26, 1.56, 7.1, 0.61, 1.33, 425.0]

Test results: [2.0108380684866285]

Set starting node vals
None 

Test Input: [13.2, 1.78, 2.14, 11.2, 100.0, 2.65, 2.76, 0.26, 1.28, 4.38, 1.05, 3.4, 1050.0]

Test results: [1.0420038383788996]

Set starting node vals
None 

Test Input: [12.7, 3.55, 2.36, 21.5, 106.0, 1.7, 1.2, 0.17, 0.84, 5.0, 0.78, 1.29, 600.0]

Test results: [2.0108380684866285]

Set starting node vals
None 

Test Input: [13.9, 1.68, 2.12, 16.0, 101.0, 3.1, 3.39, 0.21, 2.14, 6.1, 0.91, 3.33, 985.0]

Test results: [1.0420038383789]

Set starting node vals
None 

Test Input: [12.77, 2.39, 2.28, 19.5, 86.0, 1.39, 0.51, 0.48, 0.64, 9.899999, 0.57, 1.63, 470.0]

Test results: [2.0108380684866285]

Relative Error: 19.03% 

Least Squares Error: 13.741545535876199 

Loss Squared Error: 0.4 

Percent Misidentified: 40.00% 
