DATASET: wine2

Test inputs: 
[12.84, 2.96, 2.61, 24.0, 101.0, 2.32, 0.6, 0.53, 0.81, 4.92, 0.89, 2.15, 590.0] [12.7, 3.87, 2.4, 23.0, 101.0, 2.83, 2.55, 0.43, 1.95, 2.57, 1.19, 3.13, 463.0] [12.72, 1.81, 2.2, 18.8, 86.0, 2.2, 2.53, 0.26, 1.77, 3.9, 1.16, 3.14, 714.0] [12.07, 2.16, 2.17, 21.0, 85.0, 2.6, 2.65, 0.37, 1.35, 2.76, 0.86, 3.28, 378.0] [12.29, 1.61, 2.21, 20.4, 103.0, 1.1, 1.02, 0.37, 1.46, 3.05, 0.906, 1.82, 870.0] [14.06, 1.63, 2.28, 16.0, 126.0, 3.0, 3.17, 0.24, 2.1, 5.65, 1.09, 3.71, 780.0] [13.86, 1.35, 2.27, 16.0, 98.0, 2.98, 3.15, 0.22, 1.85, 7.22, 1.01, 3.55, 1045.0] [13.78, 2.76, 2.3, 22.0, 90.0, 1.35, 0.68, 0.41, 1.03, 9.58, 0.7, 1.68, 615.0] [11.79, 2.13, 2.78, 28.5, 92.0, 2.13, 2.24, 0.58, 1.76, 3.0, 0.97, 2.44, 466.0] [11.64, 2.06, 2.46, 21.6, 84.0, 1.95, 1.69, 0.48, 1.35, 2.8, 1.0, 2.75, 680.0] [14.38, 3.59, 2.28, 16.0, 102.0, 3.25, 3.17, 0.27, 2.19, 4.9, 1.04, 3.44, 1065.0] [12.85, 1.6, 2.52, 17.8, 95.0, 2.48, 2.37, 0.26, 1.46, 3.93, 1.09, 3.63, 1015.0] [14.22, 3.99, 2.51, 13.2, 128.0, 3.0, 3.04, 0.2, 2.08, 5.1, 0.89, 3.53, 760.0] [12.04, 4.3, 2.38, 22.0, 80.0, 2.1, 1.75, 0.42, 1.35, 2.6, 0.79, 2.57, 580.0] [12.82, 3.37, 2.3, 19.5, 88.0, 1.48, 0.66, 0.4, 0.97, 10.26, 0.72, 1.75, 685.0] [12.43, 1.53, 2.29, 21.5, 86.0, 2.74, 3.15, 0.39, 1.77, 3.94, 0.69, 2.84, 352.0] [11.82, 1.72, 1.88, 19.5, 86.0, 2.5, 1.64, 0.37, 1.42, 2.06, 0.94, 2.44, 415.0] [13.07, 1.5, 2.1, 15.5, 98.0, 2.4, 2.64, 0.28, 1.37, 3.7, 1.18, 2.69, 1020.0] [13.11, 1.01, 1.7, 15.0, 78.0, 2.98, 3.18, 0.26, 2.28, 5.3, 1.12, 3.18, 502.0] [13.08, 3.9, 2.36, 21.5, 113.0, 1.41, 1.39, 0.34, 1.14, 9.4, 0.57, 1.33, 550.0] [14.23, 1.71, 2.43, 15.6, 127.0, 2.8, 3.06, 0.28, 2.29, 5.64, 1.04, 3.92, 1065.0] [13.56, 1.71, 2.31, 16.2, 117.0, 3.15, 3.29, 0.34, 2.34, 6.13, 0.95, 3.38, 795.0] [11.66, 1.88, 1.92, 16.0, 97.0, 1.61, 1.57, 0.34, 1.15, 3.8, 1.23, 2.14, 428.0] [12.79, 2.67, 2.48, 22.0, 112.0, 1.48, 1.36, 0.24, 1.26, 10.8, 0.48, 1.47, 480.0] [11.62, 1.99, 2.28, 18.0, 98.0, 3.02, 2.26, 0.17, 1.35, 3.25, 1.16, 2.96, 345.0] [12.22, 1.29, 1.94, 19.0, 92.0, 2.36, 2.04, 0.39, 2.08, 2.7, 0.86, 3.02, 312.0] [12.42, 1.61, 2.19, 22.5, 108.0, 2.0, 2.09, 0.34, 1.61, 2.06, 1.06, 2.96, 345.0] [13.71, 1.86, 2.36, 16.6, 101.0, 2.61, 2.88, 0.27, 1.69, 3.8, 1.11, 4.0, 1035.0] [11.76, 2.68, 2.92, 20.0, 103.0, 1.75, 2.03, 0.6, 1.05, 3.8, 1.23, 2.5, 607.0] [11.45, 2.4, 2.42, 20.0, 96.0, 2.9, 2.79, 0.32, 1.83, 3.25, 0.8, 3.39, 625.0] [11.84, 2.89, 2.23, 18.0, 112.0, 1.72, 1.32, 0.43, 0.95, 2.65, 0.96, 2.52, 500.0] [12.17, 1.45, 2.53, 19.0, 104.0, 1.89, 1.75, 0.45, 1.03, 2.95, 1.45, 2.23, 355.0] [12.6, 2.46, 2.2, 18.5, 94.0, 1.62, 0.66, 0.63, 0.94, 7.1, 0.73, 1.58, 695.0] [13.3, 1.72, 2.14, 17.0, 94.0, 2.4, 2.19, 0.27, 1.35, 3.95, 1.02, 2.77, 1285.0] [14.83, 1.64, 2.17, 14.0, 97.0, 2.8, 2.98, 0.29, 1.98, 5.2, 1.08, 2.85, 1045.0] 
Test expected outputs: 
[3] [2] [2] [2] [2] [1] [1] [3] [2] [2] [1] [1] [1] [2] [3] [2] [2] [1] [2] [3] [1] [1] [2] [3] [2] [2] [2] [1] [2] [2] [2] [2] [3] [1] [1] 
ALGORITHM | Generations | Size | mRate | cRate | Threshold 
   D      |     1000      |  20    |  0.6  |  0.4  |   10.0     

Set starting node vals
None 

Test Input: [12.84, 2.96, 2.61, 24.0, 101.0, 2.32, 0.6, 0.53, 0.81, 4.92, 0.89, 2.15, 590.0]

Test results: [2.012719372749595]

Set starting node vals
None 

Test Input: [12.7, 3.87, 2.4, 23.0, 101.0, 2.83, 2.55, 0.43, 1.95, 2.57, 1.19, 3.13, 463.0]

Test results: [2.012719372749595]

Set starting node vals
None 

Test Input: [12.72, 1.81, 2.2, 18.8, 86.0, 2.2, 2.53, 0.26, 1.77, 3.9, 1.16, 3.14, 714.0]

Test results: [1.0005606517963632]

Set starting node vals
None 

Test Input: [12.07, 2.16, 2.17, 21.0, 85.0, 2.6, 2.65, 0.37, 1.35, 2.76, 0.86, 3.28, 378.0]

Test results: [2.012719372749595]

Set starting node vals
None 

Test Input: [12.29, 1.61, 2.21, 20.4, 103.0, 1.1, 1.02, 0.37, 1.46, 3.05, 0.906, 1.82, 870.0]

Test results: [1.0005601454099478]

Set starting node vals
None 

Test Input: [14.06, 1.63, 2.28, 16.0, 126.0, 3.0, 3.17, 0.24, 2.1, 5.65, 1.09, 3.71, 780.0]

Test results: [2.012719372749595]

Set starting node vals
None 

Test Input: [13.86, 1.35, 2.27, 16.0, 98.0, 2.98, 3.15, 0.22, 1.85, 7.22, 1.01, 3.55, 1045.0]

Test results: [1.00056014540993]

Set starting node vals
None 

Test Input: [13.78, 2.76, 2.3, 22.0, 90.0, 1.35, 0.68, 0.41, 1.03, 9.58, 0.7, 1.68, 615.0]

Test results: [2.012719372749595]

Set starting node vals
None 

Test Input: [11.79, 2.13, 2.78, 28.5, 92.0, 2.13, 2.24, 0.58, 1.76, 3.0, 0.97, 2.44, 466.0]

Test results: [2.012719372749595]

Set starting node vals
None 

Test Input: [11.64, 2.06, 2.46, 21.6, 84.0, 1.95, 1.69, 0.48, 1.35, 2.8, 1.0, 2.75, 680.0]

Test results: [1.9234087285634058]

Set starting node vals
None 

Test Input: [14.38, 3.59, 2.28, 16.0, 102.0, 3.25, 3.17, 0.27, 2.19, 4.9, 1.04, 3.44, 1065.0]

Test results: [1.00056014540993]

Set starting node vals
None 

Test Input: [12.85, 1.6, 2.52, 17.8, 95.0, 2.48, 2.37, 0.26, 1.46, 3.93, 1.09, 3.63, 1015.0]

Test results: [1.00056014540993]

Set starting node vals
None 

Test Input: [14.22, 3.99, 2.51, 13.2, 128.0, 3.0, 3.04, 0.2, 2.08, 5.1, 0.89, 3.53, 760.0]

Test results: [2.012719372749595]

Set starting node vals
None 

Test Input: [12.04, 4.3, 2.38, 22.0, 80.0, 2.1, 1.75, 0.42, 1.35, 2.6, 0.79, 2.57, 580.0]

Test results: [2.012719372749595]

Set starting node vals
None 

Test Input: [12.82, 3.37, 2.3, 19.5, 88.0, 1.48, 0.66, 0.4, 0.97, 10.26, 0.72, 1.75, 685.0]

Test results: [2.012719372749595]

Set starting node vals
None 

Test Input: [12.43, 1.53, 2.29, 21.5, 86.0, 2.74, 3.15, 0.39, 1.77, 3.94, 0.69, 2.84, 352.0]

Test results: [2.012719372749595]

Set starting node vals
None 

Test Input: [11.82, 1.72, 1.88, 19.5, 86.0, 2.5, 1.64, 0.37, 1.42, 2.06, 0.94, 2.44, 415.0]

Test results: [2.012719372749595]

Set starting node vals
None 

Test Input: [13.07, 1.5, 2.1, 15.5, 98.0, 2.4, 2.64, 0.28, 1.37, 3.7, 1.18, 2.69, 1020.0]

Test results: [1.00056014540993]

Set starting node vals
None 

Test Input: [13.11, 1.01, 1.7, 15.0, 78.0, 2.98, 3.18, 0.26, 2.28, 5.3, 1.12, 3.18, 502.0]

Test results: [2.012719372749595]

Set starting node vals
None 

Test Input: [13.08, 3.9, 2.36, 21.5, 113.0, 1.41, 1.39, 0.34, 1.14, 9.4, 0.57, 1.33, 550.0]

Test results: [2.012719372749595]

Set starting node vals
None 

Test Input: [14.23, 1.71, 2.43, 15.6, 127.0, 2.8, 3.06, 0.28, 2.29, 5.64, 1.04, 3.92, 1065.0]

Test results: [1.00056014540993]

Set starting node vals
None 

Test Input: [13.56, 1.71, 2.31, 16.2, 117.0, 3.15, 3.29, 0.34, 2.34, 6.13, 0.95, 3.38, 795.0]

Test results: [2.012719372749595]

Set starting node vals
None 

Test Input: [11.66, 1.88, 1.92, 16.0, 97.0, 1.61, 1.57, 0.34, 1.15, 3.8, 1.23, 2.14, 428.0]

Test results: [2.012719372749595]

Set starting node vals
None 

Test Input: [12.79, 2.67, 2.48, 22.0, 112.0, 1.48, 1.36, 0.24, 1.26, 10.8, 0.48, 1.47, 480.0]

Test results: [2.012719372749595]

Set starting node vals
None 

Test Input: [11.62, 1.99, 2.28, 18.0, 98.0, 3.02, 2.26, 0.17, 1.35, 3.25, 1.16, 2.96, 345.0]

Test results: [2.012719372749595]

Set starting node vals
None 

Test Input: [12.22, 1.29, 1.94, 19.0, 92.0, 2.36, 2.04, 0.39, 2.08, 2.7, 0.86, 3.02, 312.0]

Test results: [2.012719372749595]

Set starting node vals
None 

Test Input: [12.42, 1.61, 2.19, 22.5, 108.0, 2.0, 2.09, 0.34, 1.61, 2.06, 1.06, 2.96, 345.0]

Test results: [2.012719372749595]

Set starting node vals
None 

Test Input: [13.71, 1.86, 2.36, 16.6, 101.0, 2.61, 2.88, 0.27, 1.69, 3.8, 1.11, 4.0, 1035.0]

Test results: [1.00056014540993]

Set starting node vals
None 

Test Input: [11.76, 2.68, 2.92, 20.0, 103.0, 1.75, 2.03, 0.6, 1.05, 3.8, 1.23, 2.5, 607.0]

Test results: [2.012719372749595]

Set starting node vals
None 

Test Input: [11.45, 2.4, 2.42, 20.0, 96.0, 2.9, 2.79, 0.32, 1.83, 3.25, 0.8, 3.39, 625.0]

Test results: [2.012719372749595]

Set starting node vals
None 

Test Input: [11.84, 2.89, 2.23, 18.0, 112.0, 1.72, 1.32, 0.43, 0.95, 2.65, 0.96, 2.52, 500.0]

Test results: [2.012719372749595]

Set starting node vals
None 

Test Input: [12.17, 1.45, 2.53, 19.0, 104.0, 1.89, 1.75, 0.45, 1.03, 2.95, 1.45, 2.23, 355.0]

Test results: [2.012719372749595]

Set starting node vals
None 

Test Input: [12.6, 2.46, 2.2, 18.5, 94.0, 1.62, 0.66, 0.63, 0.94, 7.1, 0.73, 1.58, 695.0]

Test results: [2.012719372749595]

Set starting node vals
None 

Test Input: [13.3, 1.72, 2.14, 17.0, 94.0, 2.4, 2.19, 0.27, 1.35, 3.95, 1.02, 2.77, 1285.0]

Test results: [1.00056014540993]

Set starting node vals
None 

Test Input: [14.83, 1.64, 2.17, 14.0, 97.0, 2.8, 2.98, 0.29, 1.98, 5.2, 1.08, 2.85, 1045.0]

Test results: [1.00056014540993]

Relative Error: 17.57% 

Least Squares Error: 10.931194308781883 

Loss Squared Error: 0.3142857142857143 

Percent Misidentified: 31.43% 
