DATASET: page-blocks2

Test inputs: 
[12.0, 167.0, 2004.0, 13.917, 0.225, 0.752, 1.93, 451.0, 1507.0, 234.0] [6.0, 11.0, 66.0, 1.833, 0.364, 0.955, 1.33, 24.0, 63.0, 18.0] [1.0, 19.0, 19.0, 19.0, 0.737, 1.0, 4.67, 14.0, 19.0, 3.0] [6.0, 94.0, 564.0, 15.667, 0.184, 0.934, 1.32, 104.0, 527.0, 79.0] [8.0, 8.0, 64.0, 1.0, 0.234, 0.953, 2.5, 15.0, 61.0, 6.0] [11.0, 184.0, 2024.0, 16.727, 0.455, 0.76, 4.72, 920.0, 1539.0, 195.0] [8.0, 35.0, 280.0, 4.375, 0.443, 0.996, 2.14, 124.0, 279.0, 58.0] [7.0, 7.0, 49.0, 1.0, 0.306, 0.898, 1.36, 15.0, 44.0, 11.0] [8.0, 12.0, 96.0, 1.5, 0.458, 0.865, 2.1, 44.0, 83.0, 21.0] [7.0, 16.0, 112.0, 2.286, 0.25, 0.527, 2.0, 28.0, 59.0, 14.0] [7.0, 45.0, 315.0, 6.429, 0.483, 0.984, 2.45, 152.0, 310.0, 62.0] [10.0, 30.0, 300.0, 3.0, 0.363, 0.71, 2.42, 109.0, 213.0, 45.0] [3.0, 3.0, 9.0, 1.0, 0.778, 0.778, 7.0, 7.0, 7.0, 1.0] [9.0, 45.0, 405.0, 5.0, 0.442, 0.956, 3.31, 179.0, 387.0, 54.0] [8.0, 21.0, 168.0, 2.625, 0.232, 0.643, 1.3, 39.0, 108.0, 30.0] [8.0, 82.0, 656.0, 10.25, 0.393, 0.764, 2.41, 258.0, 501.0, 107.0] [7.0, 13.0, 91.0, 1.857, 0.363, 0.934, 2.2, 33.0, 85.0, 15.0] [6.0, 142.0, 852.0, 23.667, 0.115, 0.173, 6.53, 98.0, 147.0, 15.0] [1.0, 25.0, 25.0, 25.0, 1.0, 1.0, 25.0, 25.0, 25.0, 1.0] [7.0, 37.0, 259.0, 5.286, 0.521, 0.954, 3.14, 135.0, 247.0, 43.0] [8.0, 31.0, 248.0, 3.875, 0.298, 0.871, 1.45, 74.0, 216.0, 51.0] [6.0, 32.0, 192.0, 5.333, 0.286, 0.76, 1.41, 55.0, 146.0, 39.0] [9.0, 174.0, 1566.0, 19.333, 0.15, 0.738, 1.22, 235.0, 1156.0, 193.0] [7.0, 55.0, 385.0, 7.857, 0.374, 0.821, 2.09, 144.0, 316.0, 69.0] [7.0, 38.0, 266.0, 5.429, 0.226, 0.639, 1.4, 60.0, 170.0, 43.0] [7.0, 14.0, 98.0, 2.0, 0.255, 0.735, 1.56, 25.0, 72.0, 16.0] [5.0, 110.0, 550.0, 22.0, 0.547, 0.556, 100.33, 301.0, 306.0, 3.0] [10.0, 262.0, 2620.0, 26.2, 0.29, 0.826, 1.76, 761.0, 2163.0, 432.0] [5.0, 3.0, 15.0, 0.6, 0.533, 0.733, 8.0, 8.0, 11.0, 1.0] [9.0, 34.0, 306.0, 3.778, 0.363, 0.863, 1.76, 111.0, 264.0, 63.0] [15.0, 11.0, 165.0, 0.733, 0.503, 0.685, 10.38, 83.0, 113.0, 8.0] [5.0, 9.0, 45.0, 1.8, 0.178, 0.533, 1.6, 8.0, 24.0, 5.0] [187.0, 137.0, 25619.0, 0.733, 0.899, 0.991, 29.29, 23025.0, 25400.0, 786.0] [10.0, 197.0, 1970.0, 19.7, 0.245, 0.751, 1.87, 482.0, 1479.0, 258.0] [1.0, 40.0, 40.0, 40.0, 0.9, 1.0, 12.0, 36.0, 40.0, 3.0] [8.0, 150.0, 1200.0, 18.75, 0.158, 0.594, 1.23, 189.0, 713.0, 154.0] [7.0, 46.0, 322.0, 6.571, 0.177, 0.304, 8.14, 57.0, 98.0, 7.0] [6.0, 19.0, 114.0, 3.167, 0.289, 0.789, 1.38, 33.0, 90.0, 24.0] [8.0, 18.0, 144.0, 2.25, 0.389, 0.931, 2.24, 56.0, 134.0, 25.0] [10.0, 20.0, 200.0, 2.0, 0.435, 0.89, 2.9, 87.0, 178.0, 30.0] [27.0, 106.0, 2862.0, 3.926, 0.261, 0.478, 5.45, 747.0, 1368.0, 137.0] [9.0, 91.0, 819.0, 10.111, 0.206, 0.731, 1.37, 169.0, 599.0, 123.0] [9.0, 34.0, 306.0, 3.778, 0.337, 0.817, 1.81, 103.0, 250.0, 57.0] [6.0, 58.0, 348.0, 9.667, 0.276, 0.744, 1.17, 96.0, 259.0, 82.0] [6.0, 11.0, 66.0, 1.833, 0.197, 0.848, 1.3, 13.0, 56.0, 10.0] [7.0, 10.0, 70.0, 1.429, 0.386, 0.914, 2.08, 27.0, 64.0, 13.0] [11.0, 30.0, 330.0, 2.727, 0.467, 0.824, 4.16, 154.0, 272.0, 37.0] [6.0, 11.0, 66.0, 1.833, 0.364, 0.833, 1.6, 24.0, 55.0, 15.0] [11.0, 45.0, 495.0, 4.091, 0.267, 0.733, 2.0, 132.0, 363.0, 66.0] [9.0, 108.0, 972.0, 12.0, 0.364, 0.794, 2.15, 354.0, 772.0, 165.0] [7.0, 19.0, 133.0, 2.714, 0.331, 0.767, 1.42, 44.0, 102.0, 31.0] [9.0, 92.0, 828.0, 10.222, 0.24, 0.641, 1.54, 199.0, 531.0, 129.0] [6.0, 7.0, 42.0, 1.167, 0.357, 0.548, 7.5, 15.0, 23.0, 2.0] [25.0, 300.0, 7500.0, 12.0, 0.065, 0.071, 40.33, 484.0, 531.0, 12.0] [12.0, 311.0, 3732.0, 25.917, 0.195, 0.781, 1.64, 727.0, 2914.0, 443.0] [1.0, 20.0, 20.0, 20.0, 0.55, 1.0, 1.38, 11.0, 20.0, 8.0] [9.0, 534.0, 4806.0, 59.333, 0.134, 0.503, 1.34, 644.0, 2419.0, 482.0] [23.0, 198.0, 4554.0, 8.609, 0.924, 0.999, 14.93, 4210.0, 4548.0, 282.0] [11.0, 32.0, 352.0, 2.909, 0.332, 0.815, 1.86, 117.0, 287.0, 63.0] 
Test expected outputs: 
[1] [1] [2] [1] [1] [1] [1] [1] [1] [1] [1] [1] [1] [1] [1] [1] [1] [2] [4] [1] [1] [1] [1] [1] [1] [1] [2] [1] [1] [1] [1] [5] [3] [1] [1] [1] [2] [1] [1] [1] [1] [1] [1] [1] [1] [1] [1] [1] [1] [1] [1] [1] [1] [2] [1] [2] [1] [1] [1] 
ALGORITHM | Generations | Size | Participants | Victors | mRate | cRate | Threshold 
   E      |     1000      |  20  |     10       |    5    |  0.25  |  0.75  |   10.0     

Set starting node vals
None 

Test Input: [12.0, 167.0, 2004.0, 13.917, 0.225, 0.752, 1.93, 451.0, 1507.0, 234.0]

Test results: [0.9941979842397713]

Set starting node vals
None 

Test Input: [6.0, 11.0, 66.0, 1.833, 0.364, 0.955, 1.33, 24.0, 63.0, 18.0]

Test results: [0.9941979842397713]

Set starting node vals
None 

Test Input: [1.0, 19.0, 19.0, 19.0, 0.737, 1.0, 4.67, 14.0, 19.0, 3.0]

Test results: [0.9967749570587836]

Set starting node vals
None 

Test Input: [6.0, 94.0, 564.0, 15.667, 0.184, 0.934, 1.32, 104.0, 527.0, 79.0]

Test results: [0.9941979842397713]

Set starting node vals
None 

Test Input: [8.0, 8.0, 64.0, 1.0, 0.234, 0.953, 2.5, 15.0, 61.0, 6.0]

Test results: [0.9941979842397713]

Set starting node vals
None 

Test Input: [11.0, 184.0, 2024.0, 16.727, 0.455, 0.76, 4.72, 920.0, 1539.0, 195.0]

Test results: [0.9941979842397713]

Set starting node vals
None 

Test Input: [8.0, 35.0, 280.0, 4.375, 0.443, 0.996, 2.14, 124.0, 279.0, 58.0]

Test results: [0.9941979842397713]

Set starting node vals
None 

Test Input: [7.0, 7.0, 49.0, 1.0, 0.306, 0.898, 1.36, 15.0, 44.0, 11.0]

Test results: [0.9941979842397713]

Set starting node vals
None 

Test Input: [8.0, 12.0, 96.0, 1.5, 0.458, 0.865, 2.1, 44.0, 83.0, 21.0]

Test results: [0.9941979842397713]

Set starting node vals
None 

Test Input: [7.0, 16.0, 112.0, 2.286, 0.25, 0.527, 2.0, 28.0, 59.0, 14.0]

Test results: [0.9941979842397713]

Set starting node vals
None 

Test Input: [7.0, 45.0, 315.0, 6.429, 0.483, 0.984, 2.45, 152.0, 310.0, 62.0]

Test results: [0.9941979842397713]

Set starting node vals
None 

Test Input: [10.0, 30.0, 300.0, 3.0, 0.363, 0.71, 2.42, 109.0, 213.0, 45.0]

Test results: [0.9941979842397713]

Set starting node vals
None 

Test Input: [3.0, 3.0, 9.0, 1.0, 0.778, 0.778, 7.0, 7.0, 7.0, 1.0]

Test results: [0.9867319296343565]

Set starting node vals
None 

Test Input: [9.0, 45.0, 405.0, 5.0, 0.442, 0.956, 3.31, 179.0, 387.0, 54.0]

Test results: [0.986730485942196]

Set starting node vals
None 

Test Input: [8.0, 21.0, 168.0, 2.625, 0.232, 0.643, 1.3, 39.0, 108.0, 30.0]

Test results: [0.986730485942196]

Set starting node vals
None 

Test Input: [8.0, 82.0, 656.0, 10.25, 0.393, 0.764, 2.41, 258.0, 501.0, 107.0]

Test results: [0.986730485942196]

Set starting node vals
None 

Test Input: [7.0, 13.0, 91.0, 1.857, 0.363, 0.934, 2.2, 33.0, 85.0, 15.0]

Test results: [0.986730485942196]

Set starting node vals
None 

Test Input: [6.0, 142.0, 852.0, 23.667, 0.115, 0.173, 6.53, 98.0, 147.0, 15.0]

Test results: [0.986730485942196]

Set starting node vals
None 

Test Input: [1.0, 25.0, 25.0, 25.0, 1.0, 1.0, 25.0, 25.0, 25.0, 1.0]

Test results: [0.9867304941990511]

Set starting node vals
None 

Test Input: [7.0, 37.0, 259.0, 5.286, 0.521, 0.954, 3.14, 135.0, 247.0, 43.0]

Test results: [0.986730485942196]

Set starting node vals
None 

Test Input: [8.0, 31.0, 248.0, 3.875, 0.298, 0.871, 1.45, 74.0, 216.0, 51.0]

Test results: [0.986730485942196]

Set starting node vals
None 

Test Input: [6.0, 32.0, 192.0, 5.333, 0.286, 0.76, 1.41, 55.0, 146.0, 39.0]

Test results: [0.986730485942196]

Set starting node vals
None 

Test Input: [9.0, 174.0, 1566.0, 19.333, 0.15, 0.738, 1.22, 235.0, 1156.0, 193.0]

Test results: [0.986730485942196]

Set starting node vals
None 

Test Input: [7.0, 55.0, 385.0, 7.857, 0.374, 0.821, 2.09, 144.0, 316.0, 69.0]

Test results: [0.986730485942196]

Set starting node vals
None 

Test Input: [7.0, 38.0, 266.0, 5.429, 0.226, 0.639, 1.4, 60.0, 170.0, 43.0]

Test results: [0.986730485942196]

Set starting node vals
None 

Test Input: [7.0, 14.0, 98.0, 2.0, 0.255, 0.735, 1.56, 25.0, 72.0, 16.0]

Test results: [0.986730485942196]

Set starting node vals
None 

Test Input: [5.0, 110.0, 550.0, 22.0, 0.547, 0.556, 100.33, 301.0, 306.0, 3.0]

Test results: [0.986730485942196]

Set starting node vals
None 

Test Input: [10.0, 262.0, 2620.0, 26.2, 0.29, 0.826, 1.76, 761.0, 2163.0, 432.0]

Test results: [0.986730485942196]

Set starting node vals
None 

Test Input: [5.0, 3.0, 15.0, 0.6, 0.533, 0.733, 8.0, 8.0, 11.0, 1.0]

Test results: [0.9867304859635436]

Set starting node vals
None 

Test Input: [9.0, 34.0, 306.0, 3.778, 0.363, 0.863, 1.76, 111.0, 264.0, 63.0]

Test results: [0.986730485942196]

Set starting node vals
None 

Test Input: [15.0, 11.0, 165.0, 0.733, 0.503, 0.685, 10.38, 83.0, 113.0, 8.0]

Test results: [0.986730485942196]

Set starting node vals
None 

Test Input: [5.0, 9.0, 45.0, 1.8, 0.178, 0.533, 1.6, 8.0, 24.0, 5.0]

Test results: [0.986730485942196]

Set starting node vals
None 

Test Input: [187.0, 137.0, 25619.0, 0.733, 0.899, 0.991, 29.29, 23025.0, 25400.0, 786.0]

Test results: [0.986730485942196]

Set starting node vals
None 

Test Input: [10.0, 197.0, 1970.0, 19.7, 0.245, 0.751, 1.87, 482.0, 1479.0, 258.0]

Test results: [0.986730485942196]

Set starting node vals
None 

Test Input: [1.0, 40.0, 40.0, 40.0, 0.9, 1.0, 12.0, 36.0, 40.0, 3.0]

Test results: [0.9867304876828614]

Set starting node vals
None 

Test Input: [8.0, 150.0, 1200.0, 18.75, 0.158, 0.594, 1.23, 189.0, 713.0, 154.0]

Test results: [0.986730485942196]

Set starting node vals
None 

Test Input: [7.0, 46.0, 322.0, 6.571, 0.177, 0.304, 8.14, 57.0, 98.0, 7.0]

Test results: [0.986730485942196]

Set starting node vals
None 

Test Input: [6.0, 19.0, 114.0, 3.167, 0.289, 0.789, 1.38, 33.0, 90.0, 24.0]

Test results: [0.986730485942196]

Set starting node vals
None 

Test Input: [8.0, 18.0, 144.0, 2.25, 0.389, 0.931, 2.24, 56.0, 134.0, 25.0]

Test results: [0.986730485942196]

Set starting node vals
None 

Test Input: [10.0, 20.0, 200.0, 2.0, 0.435, 0.89, 2.9, 87.0, 178.0, 30.0]

Test results: [0.986730485942196]

Set starting node vals
None 

Test Input: [27.0, 106.0, 2862.0, 3.926, 0.261, 0.478, 5.45, 747.0, 1368.0, 137.0]

Test results: [0.986730485942196]

Set starting node vals
None 

Test Input: [9.0, 91.0, 819.0, 10.111, 0.206, 0.731, 1.37, 169.0, 599.0, 123.0]

Test results: [0.986730485942196]

Set starting node vals
None 

Test Input: [9.0, 34.0, 306.0, 3.778, 0.337, 0.817, 1.81, 103.0, 250.0, 57.0]

Test results: [0.986730485942196]

Set starting node vals
None 

Test Input: [6.0, 58.0, 348.0, 9.667, 0.276, 0.744, 1.17, 96.0, 259.0, 82.0]

Test results: [0.986730485942196]

Set starting node vals
None 

Test Input: [6.0, 11.0, 66.0, 1.833, 0.197, 0.848, 1.3, 13.0, 56.0, 10.0]

Test results: [0.986730485942196]

Set starting node vals
None 

Test Input: [7.0, 10.0, 70.0, 1.429, 0.386, 0.914, 2.08, 27.0, 64.0, 13.0]

Test results: [0.986730485942196]

Set starting node vals
None 

Test Input: [11.0, 30.0, 330.0, 2.727, 0.467, 0.824, 4.16, 154.0, 272.0, 37.0]

Test results: [0.986730485942196]

Set starting node vals
None 

Test Input: [6.0, 11.0, 66.0, 1.833, 0.364, 0.833, 1.6, 24.0, 55.0, 15.0]

Test results: [0.986730485942196]

Set starting node vals
None 

Test Input: [11.0, 45.0, 495.0, 4.091, 0.267, 0.733, 2.0, 132.0, 363.0, 66.0]

Test results: [0.986730485942196]

Set starting node vals
None 

Test Input: [9.0, 108.0, 972.0, 12.0, 0.364, 0.794, 2.15, 354.0, 772.0, 165.0]

Test results: [0.986730485942196]

Set starting node vals
None 

Test Input: [7.0, 19.0, 133.0, 2.714, 0.331, 0.767, 1.42, 44.0, 102.0, 31.0]

Test results: [0.986730485942196]

Set starting node vals
None 

Test Input: [9.0, 92.0, 828.0, 10.222, 0.24, 0.641, 1.54, 199.0, 531.0, 129.0]

Test results: [0.986730485942196]

Set starting node vals
None 

Test Input: [6.0, 7.0, 42.0, 1.167, 0.357, 0.548, 7.5, 15.0, 23.0, 2.0]

Test results: [0.986730485942196]

Set starting node vals
None 

Test Input: [25.0, 300.0, 7500.0, 12.0, 0.065, 0.071, 40.33, 484.0, 531.0, 12.0]

Test results: [0.986730485942196]

Set starting node vals
None 

Test Input: [12.0, 311.0, 3732.0, 25.917, 0.195, 0.781, 1.64, 727.0, 2914.0, 443.0]

Test results: [0.986730485942196]

Set starting node vals
None 

Test Input: [1.0, 20.0, 20.0, 20.0, 0.55, 1.0, 1.38, 11.0, 20.0, 8.0]

Test results: [0.9867304860613273]

Set starting node vals
None 

Test Input: [9.0, 534.0, 4806.0, 59.333, 0.134, 0.503, 1.34, 644.0, 2419.0, 482.0]

Test results: [0.986730485942196]

Set starting node vals
None 

Test Input: [23.0, 198.0, 4554.0, 8.609, 0.924, 0.999, 14.93, 4210.0, 4548.0, 282.0]

Test results: [0.986730485942196]

Set starting node vals
None 

Test Input: [11.0, 32.0, 352.0, 2.909, 0.332, 0.815, 1.86, 117.0, 287.0, 63.0]

Test results: [0.986730485942196]

Relative Error: 10.05% 

Least Squares Error: 35.40556086956593 

Loss Squared Error: 0.5932203389830508 

Percent Misidentified: 15.25% 
