DATASET: wine2

Test inputs: 
[13.73, 1.5, 2.7, 22.5, 101.0, 3.0, 3.25, 0.29, 2.38, 5.7, 1.19, 2.71, 1285.0] [13.29, 1.97, 2.68, 16.8, 102.0, 3.0, 3.23, 0.31, 1.66, 6.0, 1.07, 2.84, 1270.0] [13.05, 2.05, 3.22, 25.0, 124.0, 2.63, 2.68, 0.47, 1.92, 3.58, 1.13, 3.2, 830.0] [13.24, 2.59, 2.87, 21.0, 118.0, 2.8, 2.69, 0.39, 1.82, 4.32, 1.04, 2.93, 735.0] [13.36, 2.56, 2.35, 20.0, 89.0, 1.4, 0.5, 0.37, 0.64, 5.6, 0.7, 2.47, 780.0] [11.03, 1.51, 2.2, 21.5, 85.0, 2.46, 2.17, 0.52, 2.01, 1.9, 1.71, 2.87, 407.0] [12.45, 3.03, 2.64, 27.0, 97.0, 1.9, 0.58, 0.63, 1.14, 7.5, 0.67, 1.73, 880.0] [14.06, 2.15, 2.61, 17.6, 121.0, 2.6, 2.51, 0.31, 1.25, 5.05, 1.06, 3.58, 1295.0] [12.37, 1.21, 2.56, 18.1, 98.0, 2.42, 2.65, 0.37, 2.08, 4.6, 1.19, 2.3, 678.0] [13.62, 4.95, 2.35, 20.0, 92.0, 2.0, 0.8, 0.47, 1.02, 4.4, 0.91, 2.05, 550.0] [13.52, 3.17, 2.72, 23.5, 97.0, 1.55, 0.52, 0.5, 0.55, 4.35, 0.89, 2.06, 520.0] [14.34, 1.68, 2.7, 25.0, 98.0, 2.8, 1.31, 0.53, 2.7, 13.0, 0.57, 1.96, 660.0] [12.08, 1.33, 2.3, 23.6, 70.0, 2.2, 1.59, 0.42, 1.38, 1.74, 1.07, 3.21, 625.0] [12.53, 5.51, 2.64, 25.0, 96.0, 1.79, 0.6, 0.63, 1.1, 5.0, 0.82, 1.69, 515.0] [13.49, 3.59, 2.19, 19.5, 88.0, 1.62, 0.48, 0.58, 0.88, 5.7, 0.81, 1.82, 580.0] [12.17, 1.45, 2.53, 19.0, 104.0, 1.89, 1.75, 0.45, 1.03, 2.95, 1.45, 2.23, 355.0] [12.36, 3.83, 2.38, 21.0, 88.0, 2.3, 0.92, 0.5, 1.04, 7.65, 0.56, 1.58, 520.0] [12.0, 1.51, 2.42, 22.0, 86.0, 1.45, 1.25, 0.5, 1.63, 3.6, 1.05, 2.65, 450.0] [11.41, 0.74, 2.5, 21.0, 88.0, 2.48, 2.01, 0.42, 1.44, 3.08, 1.1, 2.31, 434.0] [12.0, 0.92, 2.0, 19.0, 86.0, 2.42, 2.26, 0.3, 1.43, 2.5, 1.38, 3.12, 278.0] [12.37, 1.63, 2.3, 24.5, 88.0, 2.22, 2.45, 0.4, 1.9, 2.12, 0.89, 2.78, 342.0] [12.93, 3.8, 2.65, 18.6, 102.0, 2.41, 2.41, 0.25, 1.98, 4.5, 1.03, 3.52, 770.0] [12.25, 4.72, 2.54, 21.0, 89.0, 1.38, 0.47, 0.53, 0.8, 3.85, 0.75, 1.27, 720.0] [13.08, 3.9, 2.36, 21.5, 113.0, 1.41, 1.39, 0.34, 1.14, 9.4, 0.57, 1.33, 550.0] [13.4, 3.91, 2.48, 23.0, 102.0, 1.8, 0.75, 0.43, 1.41, 7.3, 0.7, 1.56, 750.0] [12.6, 1.34, 1.9, 18.5, 88.0, 1.45, 1.36, 0.29, 1.35, 2.45, 1.04, 2.77, 562.0] [12.43, 1.53, 2.29, 21.5, 86.0, 2.74, 3.15, 0.39, 1.77, 3.94, 0.69, 2.84, 352.0] [12.2, 3.03, 2.32, 19.0, 96.0, 1.25, 0.49, 0.4, 0.73, 5.5, 0.66, 1.83, 510.0] [13.49, 1.66, 2.24, 24.0, 87.0, 1.88, 1.84, 0.27, 1.03, 3.74, 0.98, 2.78, 472.0] [12.0, 3.43, 2.0, 19.0, 87.0, 2.0, 1.64, 0.37, 1.87, 1.28, 0.93, 3.05, 564.0] [13.24, 3.98, 2.29, 17.5, 103.0, 2.64, 2.63, 0.32, 1.66, 4.36, 0.82, 3.0, 680.0] [12.52, 2.43, 2.17, 21.0, 88.0, 2.55, 2.27, 0.26, 1.22, 2.0, 0.9, 2.78, 325.0] [13.51, 1.8, 2.65, 19.0, 110.0, 2.35, 2.53, 0.29, 1.54, 4.2, 1.1, 2.87, 1095.0] [14.21, 4.04, 2.44, 18.9, 111.0, 2.85, 2.65, 0.3, 1.25, 5.24, 0.87, 3.33, 1080.0] [13.63, 1.81, 2.7, 17.2, 112.0, 2.85, 2.91, 0.3, 1.46, 7.3, 1.28, 2.88, 1310.0] 
Test expected outputs: 
[1] [1] [1] [1] [3] [2] [3] [1] [2] [3] [3] [3] [2] [3] [3] [2] [3] [2] [2] [2] [2] [1] [3] [3] [3] [2] [2] [3] [2] [2] [1] [2] [1] [1] [1] 
ALGORITHM | Generations | Size | Participants | Victors | mRate | cRate | Threshold 
   E      |     1000      |  20  |     10       |    5    |  0.25  |  0.75  |   10.0     

Set starting node vals
None 

Test Input: [13.73, 1.5, 2.7, 22.5, 101.0, 3.0, 3.25, 0.29, 2.38, 5.7, 1.19, 2.71, 1285.0]

Test results: [0.9970591870140394]

Set starting node vals
None 

Test Input: [13.29, 1.97, 2.68, 16.8, 102.0, 3.0, 3.23, 0.31, 1.66, 6.0, 1.07, 2.84, 1270.0]

Test results: [0.9970591870140394]

Set starting node vals
None 

Test Input: [13.05, 2.05, 3.22, 25.0, 124.0, 2.63, 2.68, 0.47, 1.92, 3.58, 1.13, 3.2, 830.0]

Test results: [1.987865140820578]

Set starting node vals
None 

Test Input: [13.24, 2.59, 2.87, 21.0, 118.0, 2.8, 2.69, 0.39, 1.82, 4.32, 1.04, 2.93, 735.0]

Test results: [1.987865140820578]

Set starting node vals
None 

Test Input: [13.36, 2.56, 2.35, 20.0, 89.0, 1.4, 0.5, 0.37, 0.64, 5.6, 0.7, 2.47, 780.0]

Test results: [1.987865140820578]

Set starting node vals
None 

Test Input: [11.03, 1.51, 2.2, 21.5, 85.0, 2.46, 2.17, 0.52, 2.01, 1.9, 1.71, 2.87, 407.0]

Test results: [1.987865140820578]

Set starting node vals
None 

Test Input: [12.45, 3.03, 2.64, 27.0, 97.0, 1.9, 0.58, 0.63, 1.14, 7.5, 0.67, 1.73, 880.0]

Test results: [1.987865140820578]

Set starting node vals
None 

Test Input: [14.06, 2.15, 2.61, 17.6, 121.0, 2.6, 2.51, 0.31, 1.25, 5.05, 1.06, 3.58, 1295.0]

Test results: [0.9970591870140394]

Set starting node vals
None 

Test Input: [12.37, 1.21, 2.56, 18.1, 98.0, 2.42, 2.65, 0.37, 2.08, 4.6, 1.19, 2.3, 678.0]

Test results: [1.987865140820578]

Set starting node vals
None 

Test Input: [13.62, 4.95, 2.35, 20.0, 92.0, 2.0, 0.8, 0.47, 1.02, 4.4, 0.91, 2.05, 550.0]

Test results: [1.987865140820578]

Set starting node vals
None 

Test Input: [13.52, 3.17, 2.72, 23.5, 97.0, 1.55, 0.52, 0.5, 0.55, 4.35, 0.89, 2.06, 520.0]

Test results: [1.987865140820578]

Set starting node vals
None 

Test Input: [14.34, 1.68, 2.7, 25.0, 98.0, 2.8, 1.31, 0.53, 2.7, 13.0, 0.57, 1.96, 660.0]

Test results: [1.987865140820578]

Set starting node vals
None 

Test Input: [12.08, 1.33, 2.3, 23.6, 70.0, 2.2, 1.59, 0.42, 1.38, 1.74, 1.07, 3.21, 625.0]

Test results: [1.987865140820578]

Set starting node vals
None 

Test Input: [12.53, 5.51, 2.64, 25.0, 96.0, 1.79, 0.6, 0.63, 1.1, 5.0, 0.82, 1.69, 515.0]

Test results: [1.987865140820578]

Set starting node vals
None 

Test Input: [13.49, 3.59, 2.19, 19.5, 88.0, 1.62, 0.48, 0.58, 0.88, 5.7, 0.81, 1.82, 580.0]

Test results: [1.987865140820578]

Set starting node vals
None 

Test Input: [12.17, 1.45, 2.53, 19.0, 104.0, 1.89, 1.75, 0.45, 1.03, 2.95, 1.45, 2.23, 355.0]

Test results: [1.987865140820578]

Set starting node vals
None 

Test Input: [12.36, 3.83, 2.38, 21.0, 88.0, 2.3, 0.92, 0.5, 1.04, 7.65, 0.56, 1.58, 520.0]

Test results: [1.987865140820578]

Set starting node vals
None 

Test Input: [12.0, 1.51, 2.42, 22.0, 86.0, 1.45, 1.25, 0.5, 1.63, 3.6, 1.05, 2.65, 450.0]

Test results: [1.987865140820578]

Set starting node vals
None 

Test Input: [11.41, 0.74, 2.5, 21.0, 88.0, 2.48, 2.01, 0.42, 1.44, 3.08, 1.1, 2.31, 434.0]

Test results: [1.987865140820578]

Set starting node vals
None 

Test Input: [12.0, 0.92, 2.0, 19.0, 86.0, 2.42, 2.26, 0.3, 1.43, 2.5, 1.38, 3.12, 278.0]

Test results: [1.987865140820578]

Set starting node vals
None 

Test Input: [12.37, 1.63, 2.3, 24.5, 88.0, 2.22, 2.45, 0.4, 1.9, 2.12, 0.89, 2.78, 342.0]

Test results: [1.987865140820578]

Set starting node vals
None 

Test Input: [12.93, 3.8, 2.65, 18.6, 102.0, 2.41, 2.41, 0.25, 1.98, 4.5, 1.03, 3.52, 770.0]

Test results: [1.987865140820578]

Set starting node vals
None 

Test Input: [12.25, 4.72, 2.54, 21.0, 89.0, 1.38, 0.47, 0.53, 0.8, 3.85, 0.75, 1.27, 720.0]

Test results: [1.987865140820578]

Set starting node vals
None 

Test Input: [13.08, 3.9, 2.36, 21.5, 113.0, 1.41, 1.39, 0.34, 1.14, 9.4, 0.57, 1.33, 550.0]

Test results: [1.987865140820578]

Set starting node vals
None 

Test Input: [13.4, 3.91, 2.48, 23.0, 102.0, 1.8, 0.75, 0.43, 1.41, 7.3, 0.7, 1.56, 750.0]

Test results: [1.987865140820578]

Set starting node vals
None 

Test Input: [12.6, 1.34, 1.9, 18.5, 88.0, 1.45, 1.36, 0.29, 1.35, 2.45, 1.04, 2.77, 562.0]

Test results: [1.987865140820578]

Set starting node vals
None 

Test Input: [12.43, 1.53, 2.29, 21.5, 86.0, 2.74, 3.15, 0.39, 1.77, 3.94, 0.69, 2.84, 352.0]

Test results: [1.987865140820578]

Set starting node vals
None 

Test Input: [12.2, 3.03, 2.32, 19.0, 96.0, 1.25, 0.49, 0.4, 0.73, 5.5, 0.66, 1.83, 510.0]

Test results: [1.987865140820578]

Set starting node vals
None 

Test Input: [13.49, 1.66, 2.24, 24.0, 87.0, 1.88, 1.84, 0.27, 1.03, 3.74, 0.98, 2.78, 472.0]

Test results: [1.987865140820578]

Set starting node vals
None 

Test Input: [12.0, 3.43, 2.0, 19.0, 87.0, 2.0, 1.64, 0.37, 1.87, 1.28, 0.93, 3.05, 564.0]

Test results: [1.987865140820578]

Set starting node vals
None 

Test Input: [13.24, 3.98, 2.29, 17.5, 103.0, 2.64, 2.63, 0.32, 1.66, 4.36, 0.82, 3.0, 680.0]

Test results: [1.987865140820578]

Set starting node vals
None 

Test Input: [12.52, 2.43, 2.17, 21.0, 88.0, 2.55, 2.27, 0.26, 1.22, 2.0, 0.9, 2.78, 325.0]

Test results: [1.987865140820578]

Set starting node vals
None 

Test Input: [13.51, 1.8, 2.65, 19.0, 110.0, 2.35, 2.53, 0.29, 1.54, 4.2, 1.1, 2.87, 1095.0]

Test results: [0.9970591870140394]

Set starting node vals
None 

Test Input: [14.21, 4.04, 2.44, 18.9, 111.0, 2.85, 2.65, 0.3, 1.25, 5.24, 0.87, 3.33, 1080.0]

Test results: [0.9970591870140394]

Set starting node vals
None 

Test Input: [13.63, 1.81, 2.7, 17.2, 112.0, 2.85, 2.91, 0.3, 1.46, 7.3, 1.28, 2.88, 1310.0]

Test results: [0.9970591870140394]

Relative Error: 23.13% 

Least Squares Error: 16.198480026568696 

Loss Squared Error: 0.45714285714285713 

Percent Misidentified: 45.71% 
