DATASET: wine

Test inputs: 
[12.7, 3.55, 2.36, 21.5, 106.0, 1.7, 1.2, 0.17, 0.84, 5.0, 0.78, 1.29, 600.0] [13.83, 1.57, 2.62, 20.0, 115.0, 2.95, 3.4, 0.4, 1.72, 6.6, 1.13, 2.57, 1130.0] [13.2, 1.78, 2.14, 11.2, 100.0, 2.65, 2.76, 0.26, 1.28, 4.38, 1.05, 3.4, 1050.0] [12.16, 1.61, 2.31, 22.8, 90.0, 1.78, 1.69, 0.43, 1.56, 2.45, 1.33, 2.26, 495.0] [12.29, 1.41, 1.98, 16.0, 85.0, 2.55, 2.5, 0.29, 1.77, 2.9, 1.23, 2.74, 428.0] [12.85, 3.27, 2.58, 22.0, 106.0, 1.65, 0.6, 0.6, 0.96, 5.58, 0.87, 2.11, 570.0] [13.88, 5.04, 2.23, 20.0, 80.0, 0.98, 0.34, 0.4, 0.68, 4.9, 0.58, 1.33, 415.0] [11.65, 1.67, 2.62, 26.0, 88.0, 1.92, 1.61, 0.4, 1.34, 2.6, 1.36, 3.21, 562.0] [12.25, 4.72, 2.54, 21.0, 89.0, 1.38, 0.47, 0.53, 0.8, 3.85, 0.75, 1.27, 720.0] [13.5, 1.81, 2.61, 20.0, 96.0, 2.53, 2.61, 0.28, 1.66, 3.52, 1.12, 3.82, 845.0] [13.03, 0.9, 1.71, 16.0, 86.0, 1.95, 2.03, 0.24, 1.46, 4.6, 1.19, 2.48, 392.0] [12.81, 2.31, 2.4, 24.0, 98.0, 1.15, 1.09, 0.27, 0.83, 5.7, 0.66, 1.36, 560.0] [14.3, 1.92, 2.72, 20.0, 120.0, 2.8, 3.14, 0.33, 1.97, 6.2, 1.07, 2.65, 1280.0] [12.64, 1.36, 2.02, 16.8, 100.0, 2.02, 1.41, 0.53, 0.62, 5.75, 0.98, 1.59, 450.0] [13.49, 3.59, 2.19, 19.5, 88.0, 1.62, 0.48, 0.58, 0.88, 5.7, 0.81, 1.82, 580.0] [12.77, 2.39, 2.28, 19.5, 86.0, 1.39, 0.51, 0.48, 0.64, 9.899999, 0.57, 1.63, 470.0] [13.76, 1.53, 2.7, 19.5, 132.0, 2.95, 2.74, 0.5, 1.35, 5.4, 1.25, 3.0, 1235.0] [11.96, 1.09, 2.3, 21.0, 101.0, 3.38, 2.14, 0.13, 1.65, 3.21, 0.99, 3.13, 886.0] [11.64, 2.06, 2.46, 21.6, 84.0, 1.95, 1.69, 0.48, 1.35, 2.8, 1.0, 2.75, 680.0] [13.73, 1.5, 2.7, 22.5, 101.0, 3.0, 3.25, 0.29, 2.38, 5.7, 1.19, 2.71, 1285.0] [13.77, 1.9, 2.68, 17.1, 115.0, 3.0, 2.79, 0.39, 1.68, 6.3, 1.13, 2.93, 1375.0] [13.16, 2.36, 2.67, 18.6, 101.0, 2.8, 3.24, 0.3, 2.81, 5.68, 1.03, 3.17, 1185.0] [13.24, 3.98, 2.29, 17.5, 103.0, 2.64, 2.63, 0.32, 1.66, 4.36, 0.82, 3.0, 680.0] [13.88, 1.89, 2.59, 15.0, 101.0, 3.25, 3.56, 0.17, 1.7, 5.43, 0.88, 3.56, 1095.0] [13.11, 1.01, 1.7, 15.0, 78.0, 2.98, 3.18, 0.26, 2.28, 5.3, 1.12, 3.18, 502.0] [12.67, 0.98, 2.24, 18.0, 99.0, 2.2, 1.94, 0.3, 1.46, 2.62, 1.23, 3.16, 450.0] [13.23, 3.3, 2.28, 18.5, 98.0, 1.8, 0.83, 0.61, 1.87, 10.52, 0.56, 1.51, 675.0] [12.6, 1.34, 1.9, 18.5, 88.0, 1.45, 1.36, 0.29, 1.35, 2.45, 1.04, 2.77, 562.0] [12.47, 1.52, 2.2, 19.0, 162.0, 2.5, 2.27, 0.32, 3.28, 2.6, 1.16, 2.63, 937.0] [11.87, 4.31, 2.39, 21.0, 82.0, 2.86, 3.03, 0.21, 2.91, 2.8, 0.75, 3.64, 380.0] [12.45, 3.03, 2.64, 27.0, 97.0, 1.9, 0.58, 0.63, 1.14, 7.5, 0.67, 1.73, 880.0] [12.29, 3.17, 2.21, 18.0, 88.0, 2.85, 2.99, 0.45, 2.81, 2.3, 1.42, 2.83, 406.0] [11.81, 2.12, 2.74, 21.5, 134.0, 1.6, 0.99, 0.14, 1.56, 2.5, 0.95, 2.26, 625.0] [13.56, 1.71, 2.31, 16.2, 117.0, 3.15, 3.29, 0.34, 2.34, 6.13, 0.95, 3.38, 795.0] [13.71, 5.65, 2.45, 20.5, 95.0, 1.68, 0.61, 0.52, 1.06, 7.7, 0.64, 1.74, 740.0] 
Test expected outputs: 
[3] [1] [1] [2] [2] [3] [3] [2] [3] [1] [2] [3] [1] [2] [3] [3] [1] [2] [2] [1] [1] [1] [1] [1] [2] [2] [3] [2] [2] [2] [3] [2] [2] [1] [3] 
ALGORITHM | Generations | Size | Participants | Victors | mRate | cRate | Threshold 
   E      |     1000      |  20  |     10       |    5    |  0.25  |  0.75  |   20.0     

Set starting node vals
None 

Test Input: [12.7, 3.55, 2.36, 21.5, 106.0, 1.7, 1.2, 0.17, 0.84, 5.0, 0.78, 1.29, 600.0]

Test results: [2.357662464690417]

Set starting node vals
None 

Test Input: [13.83, 1.57, 2.62, 20.0, 115.0, 2.95, 3.4, 0.4, 1.72, 6.6, 1.13, 2.57, 1130.0]

Test results: [1.4452553538639499]

Set starting node vals
None 

Test Input: [13.2, 1.78, 2.14, 11.2, 100.0, 2.65, 2.76, 0.26, 1.28, 4.38, 1.05, 3.4, 1050.0]

Test results: [1.4452553538639499]

Set starting node vals
None 

Test Input: [12.16, 1.61, 2.31, 22.8, 90.0, 1.78, 1.69, 0.43, 1.56, 2.45, 1.33, 2.26, 495.0]

Test results: [2.3576624646905824]

Set starting node vals
None 

Test Input: [12.29, 1.41, 1.98, 16.0, 85.0, 2.55, 2.5, 0.29, 1.77, 2.9, 1.23, 2.74, 428.0]

Test results: [2.3576624646832034]

Set starting node vals
None 

Test Input: [12.85, 3.27, 2.58, 22.0, 106.0, 1.65, 0.6, 0.6, 0.96, 5.58, 0.87, 2.11, 570.0]

Test results: [2.3576624646905824]

Set starting node vals
None 

Test Input: [13.88, 5.04, 2.23, 20.0, 80.0, 0.98, 0.34, 0.4, 0.68, 4.9, 0.58, 1.33, 415.0]

Test results: [2.3576624646905824]

Set starting node vals
None 

Test Input: [11.65, 1.67, 2.62, 26.0, 88.0, 1.92, 1.61, 0.4, 1.34, 2.6, 1.36, 3.21, 562.0]

Test results: [2.3576624646905824]

Set starting node vals
None 

Test Input: [12.25, 4.72, 2.54, 21.0, 89.0, 1.38, 0.47, 0.53, 0.8, 3.85, 0.75, 1.27, 720.0]

Test results: [1.4452553538650896]

Set starting node vals
None 

Test Input: [13.5, 1.81, 2.61, 20.0, 96.0, 2.53, 2.61, 0.28, 1.66, 3.52, 1.12, 3.82, 845.0]

Test results: [1.4452553538639499]

Set starting node vals
None 

Test Input: [13.03, 0.9, 1.71, 16.0, 86.0, 1.95, 2.03, 0.24, 1.46, 4.6, 1.19, 2.48, 392.0]

Test results: [2.3576624646905824]

Set starting node vals
None 

Test Input: [12.81, 2.31, 2.4, 24.0, 98.0, 1.15, 1.09, 0.27, 0.83, 5.7, 0.66, 1.36, 560.0]

Test results: [2.3576624646905824]

Set starting node vals
None 

Test Input: [14.3, 1.92, 2.72, 20.0, 120.0, 2.8, 3.14, 0.33, 1.97, 6.2, 1.07, 2.65, 1280.0]

Test results: [1.4452553538639499]

Set starting node vals
None 

Test Input: [12.64, 1.36, 2.02, 16.8, 100.0, 2.02, 1.41, 0.53, 0.62, 5.75, 0.98, 1.59, 450.0]

Test results: [2.3576624646905824]

Set starting node vals
None 

Test Input: [13.49, 3.59, 2.19, 19.5, 88.0, 1.62, 0.48, 0.58, 0.88, 5.7, 0.81, 1.82, 580.0]

Test results: [2.3576624646905495]

Set starting node vals
None 

Test Input: [12.77, 2.39, 2.28, 19.5, 86.0, 1.39, 0.51, 0.48, 0.64, 9.899999, 0.57, 1.63, 470.0]

Test results: [2.3576624646905824]

Set starting node vals
None 

Test Input: [13.76, 1.53, 2.7, 19.5, 132.0, 2.95, 2.74, 0.5, 1.35, 5.4, 1.25, 3.0, 1235.0]

Test results: [1.4452553538639499]

Set starting node vals
None 

Test Input: [11.96, 1.09, 2.3, 21.0, 101.0, 3.38, 2.14, 0.13, 1.65, 3.21, 0.99, 3.13, 886.0]

Test results: [1.4452553538639499]

Set starting node vals
None 

Test Input: [11.64, 2.06, 2.46, 21.6, 84.0, 1.95, 1.69, 0.48, 1.35, 2.8, 1.0, 2.75, 680.0]

Test results: [1.4452553538767092]

Set starting node vals
None 

Test Input: [13.73, 1.5, 2.7, 22.5, 101.0, 3.0, 3.25, 0.29, 2.38, 5.7, 1.19, 2.71, 1285.0]

Test results: [1.4452553538639499]

Set starting node vals
None 

Test Input: [13.77, 1.9, 2.68, 17.1, 115.0, 3.0, 2.79, 0.39, 1.68, 6.3, 1.13, 2.93, 1375.0]

Test results: [1.4452553538639499]

Set starting node vals
None 

Test Input: [13.16, 2.36, 2.67, 18.6, 101.0, 2.8, 3.24, 0.3, 2.81, 5.68, 1.03, 3.17, 1185.0]

Test results: [1.4452553538639499]

Set starting node vals
None 

Test Input: [13.24, 3.98, 2.29, 17.5, 103.0, 2.64, 2.63, 0.32, 1.66, 4.36, 0.82, 3.0, 680.0]

Test results: [1.4452553538639499]

Set starting node vals
None 

Test Input: [13.88, 1.89, 2.59, 15.0, 101.0, 3.25, 3.56, 0.17, 1.7, 5.43, 0.88, 3.56, 1095.0]

Test results: [1.4452553538639499]

Set starting node vals
None 

Test Input: [13.11, 1.01, 1.7, 15.0, 78.0, 2.98, 3.18, 0.26, 2.28, 5.3, 1.12, 3.18, 502.0]

Test results: [2.3574945758486825]

Set starting node vals
None 

Test Input: [12.67, 0.98, 2.24, 18.0, 99.0, 2.2, 1.94, 0.3, 1.46, 2.62, 1.23, 3.16, 450.0]

Test results: [2.3576624646903976]

Set starting node vals
None 

Test Input: [13.23, 3.3, 2.28, 18.5, 98.0, 1.8, 0.83, 0.61, 1.87, 10.52, 0.56, 1.51, 675.0]

Test results: [2.3576624646522513]

Set starting node vals
None 

Test Input: [12.6, 1.34, 1.9, 18.5, 88.0, 1.45, 1.36, 0.29, 1.35, 2.45, 1.04, 2.77, 562.0]

Test results: [1.4452613526266151]

Set starting node vals
None 

Test Input: [12.47, 1.52, 2.2, 19.0, 162.0, 2.5, 2.27, 0.32, 3.28, 2.6, 1.16, 2.63, 937.0]

Test results: [1.4452553538639499]

Set starting node vals
None 

Test Input: [11.87, 4.31, 2.39, 21.0, 82.0, 2.86, 3.03, 0.21, 2.91, 2.8, 0.75, 3.64, 380.0]

Test results: [2.3576624646905824]

Set starting node vals
None 

Test Input: [12.45, 3.03, 2.64, 27.0, 97.0, 1.9, 0.58, 0.63, 1.14, 7.5, 0.67, 1.73, 880.0]

Test results: [1.4453677005010404]

Set starting node vals
None 

Test Input: [12.29, 3.17, 2.21, 18.0, 88.0, 2.85, 2.99, 0.45, 2.81, 2.3, 1.42, 2.83, 406.0]

Test results: [2.3576624646905824]

Set starting node vals
None 

Test Input: [11.81, 2.12, 2.74, 21.5, 134.0, 1.6, 0.99, 0.14, 1.56, 2.5, 0.95, 2.26, 625.0]

Test results: [1.4452556227019842]

Set starting node vals
None 

Test Input: [13.56, 1.71, 2.31, 16.2, 117.0, 3.15, 3.29, 0.34, 2.34, 6.13, 0.95, 3.38, 795.0]

Test results: [1.4452553538639499]

Set starting node vals
None 

Test Input: [13.71, 5.65, 2.45, 20.5, 95.0, 1.68, 0.61, 0.52, 1.06, 7.7, 0.64, 1.74, 740.0]

Test results: [1.4540389558507012]

Relative Error: 31.27% 

Least Squares Error: 14.982949287081787 

Loss Squared Error: 0.6857142857142857 

Percent Misidentified: 42.86% 
