DATASET: indian2

Test inputs: 
[19.0, 2.0, 1.4, 0.8, 178.0, 13.0, 26.0, 8.0, 4.6, 1.3] [40.0, 2.0, 0.7, 0.1, 202.0, 37.0, 29.0, 5.0, 2.6, 1.0] [34.0, 2.0, 4.1, 2.0, 289.0, 875.0, 731.0, 5.0, 2.7, 1.1] [26.0, 2.0, 7.1, 3.3, 258.0, 80.0, 113.0, 6.2, 2.9, 0.8] [21.0, 2.0, 1.0, 0.3, 142.0, 27.0, 21.0, 6.4, 3.5, 1.2] [70.0, 2.0, 3.1, 1.6, 198.0, 40.0, 28.0, 5.6, 2.0, 0.5] [42.0, 1.0, 0.8, 0.2, 195.0, 18.0, 15.0, 6.7, 3.0, 0.8] [32.0, 2.0, 3.7, 1.6, 612.0, 50.0, 88.0, 6.2, 1.9, 0.4] [42.0, 2.0, 2.7, 1.3, 219.0, 60.0, 180.0, 7.0, 3.2, 0.8] [24.0, 1.0, 0.9, 0.2, 195.0, 40.0, 35.0, 7.4, 4.1, 1.2] [17.0, 2.0, 0.9, 0.2, 224.0, 36.0, 45.0, 6.9, 4.2, 1.55] [42.0, 2.0, 30.5, 14.2, 285.0, 65.0, 130.0, 5.2, 2.1, 0.6] [45.0, 1.0, 0.6, 0.1, 270.0, 23.0, 42.0, 5.1, 2.0, 0.5] [49.0, 2.0, 0.6, 0.1, 218.0, 50.0, 53.0, 5.0, 2.4, 0.9] [51.0, 2.0, 2.9, 1.2, 189.0, 80.0, 125.0, 6.2, 3.1, 1.0] [13.0, 2.0, 1.5, 0.5, 575.0, 29.0, 24.0, 7.9, 3.9, 0.9] [32.0, 2.0, 15.0, 8.2, 289.0, 58.0, 80.0, 5.3, 2.2, 0.7] [36.0, 1.0, 1.2, 0.4, 358.0, 160.0, 90.0, 8.3, 4.4, 1.1] [49.0, 2.0, 1.0, 0.3, 230.0, 48.0, 58.0, 8.4, 4.2, 1.0] [27.0, 2.0, 0.6, 0.2, 161.0, 27.0, 28.0, 3.7, 1.6, 0.76] [30.0, 2.0, 0.8, 0.2, 182.0, 46.0, 57.0, 7.8, 4.3, 1.2] [50.0, 2.0, 1.1, 0.3, 175.0, 20.0, 19.0, 7.1, 4.5, 1.7] [36.0, 2.0, 0.9, 0.1, 486.0, 25.0, 34.0, 5.9, 2.8, 0.9] [45.0, 1.0, 1.0, 0.3, 250.0, 48.0, 44.0, 8.6, 4.3, 1.0] [33.0, 2.0, 2.0, 1.4, 2110.0, 48.0, 89.0, 6.2, 3.0, 0.9] [7.0, 2.0, 0.5, 0.1, 352.0, 28.0, 51.0, 7.9, 4.2, 1.1] [60.0, 2.0, 2.0, 0.8, 190.0, 45.0, 40.0, 6.0, 2.8, 0.8] [55.0, 1.0, 0.8, 0.2, 225.0, 14.0, 23.0, 6.1, 3.3, 1.2] [60.0, 2.0, 2.4, 1.0, 1124.0, 30.0, 54.0, 5.2, 1.9, 0.5] [35.0, 2.0, 2.0, 1.1, 226.0, 33.0, 135.0, 6.0, 2.7, 0.8] [48.0, 2.0, 0.7, 0.2, 208.0, 15.0, 30.0, 4.6, 2.1, 0.8] [22.0, 2.0, 0.6, 0.2, 202.0, 78.0, 41.0, 8.0, 3.9, 0.9] [57.0, 2.0, 4.5, 2.3, 315.0, 120.0, 105.0, 7.0, 4.0, 1.3] [22.0, 2.0, 0.8, 0.2, 198.0, 20.0, 26.0, 6.8, 3.9, 1.3] [30.0, 2.0, 0.7, 0.2, 262.0, 15.0, 18.0, 9.6, 4.7, 1.2] [72.0, 2.0, 0.7, 0.2, 185.0, 16.0, 22.0, 7.3, 3.7, 1.0] [29.0, 1.0, 0.7, 0.1, 162.0, 52.0, 41.0, 5.2, 2.5, 0.9] [26.0, 1.0, 0.6, 0.2, 142.0, 12.0, 32.0, 5.7, 2.4, 0.75] [25.0, 2.0, 0.8, 0.1, 130.0, 23.0, 42.0, 8.0, 4.0, 1.0] [78.0, 2.0, 1.0, 0.3, 152.0, 28.0, 70.0, 6.3, 3.1, 0.9] [35.0, 1.0, 1.0, 0.3, 805.0, 133.0, 103.0, 7.9, 3.3, 0.7] [49.0, 2.0, 0.7, 0.1, 148.0, 14.0, 12.0, 5.4, 2.8, 1.0] [22.0, 2.0, 2.4, 1.0, 340.0, 25.0, 21.0, 8.3, 4.5, 1.1] [46.0, 2.0, 18.4, 8.5, 450.0, 119.0, 230.0, 7.5, 3.3, 0.7] [15.0, 2.0, 0.8, 0.2, 380.0, 25.0, 66.0, 6.1, 3.7, 1.5] [8.0, 1.0, 0.9, 0.2, 401.0, 25.0, 58.0, 7.5, 3.4, 0.8] [58.0, 2.0, 0.8, 0.2, 123.0, 56.0, 48.0, 6.0, 3.0, 1.0] [39.0, 2.0, 1.9, 0.9, 180.0, 42.0, 62.0, 7.4, 4.3, 1.38] [30.0, 1.0, 0.7, 0.2, 194.0, 32.0, 36.0, 7.5, 3.6, 0.92] [45.0, 2.0, 3.2, 1.4, 512.0, 50.0, 58.0, 6.0, 2.7, 0.8] [60.0, 2.0, 5.8, 2.7, 204.0, 220.0, 400.0, 7.0, 3.0, 0.7] [60.0, 2.0, 1.5, 0.6, 360.0, 230.0, 298.0, 4.5, 2.0, 0.8] [51.0, 2.0, 0.7, 0.1, 180.0, 25.0, 27.0, 6.1, 3.1, 1.0] [32.0, 2.0, 12.7, 6.2, 194.0, 2000.0, 2946.0, 5.7, 3.3, 1.3] [33.0, 2.0, 0.7, 0.1, 168.0, 35.0, 33.0, 7.0, 3.7, 1.1] [36.0, 2.0, 1.7, 0.5, 205.0, 36.0, 34.0, 7.1, 3.9, 1.2] [40.0, 2.0, 0.9, 0.3, 196.0, 69.0, 48.0, 6.8, 3.1, 0.8] [45.0, 2.0, 2.5, 1.2, 163.0, 28.0, 22.0, 7.6, 4.0, 1.1] [45.0, 2.0, 0.8, 0.2, 140.0, 24.0, 20.0, 6.3, 3.2, 1.0] 
Test expected outputs: 
[2] [1] [1] [1] [2] [1] [1] [1] [1] [2] [1] [1] [2] [1] [1] [1] [1] [2] [1] [2] [2] [2] [2] [1] [1] [2] [1] [2] [1] [2] [2] [1] [1] [1] [1] [2] [2] [1] [1] [1] [1] [2] [1] [1] [1] [1] [1] [1] [2] [1] [1] [1] [1] [1] [1] [1] [1] [1] [2] 
ALGORITHM | Generations | Size | Participants | Victors | mRate | cRate | Threshold 
   G      |     1000      |  20  |     10       |    5    |  0.25  |  0.75  |   10.0     

Set starting node vals
None 

Test Input: [19.0, 2.0, 1.4, 0.8, 178.0, 13.0, 26.0, 8.0, 4.6, 1.3]

Test results: [1.0000076068948522]

Set starting node vals
None 

Test Input: [40.0, 2.0, 0.7, 0.1, 202.0, 37.0, 29.0, 5.0, 2.6, 1.0]

Test results: [1.0000076068948522]

Set starting node vals
None 

Test Input: [34.0, 2.0, 4.1, 2.0, 289.0, 875.0, 731.0, 5.0, 2.7, 1.1]

Test results: [1.0000076068948522]

Set starting node vals
None 

Test Input: [26.0, 2.0, 7.1, 3.3, 258.0, 80.0, 113.0, 6.2, 2.9, 0.8]

Test results: [1.0000076068948522]

Set starting node vals
None 

Test Input: [21.0, 2.0, 1.0, 0.3, 142.0, 27.0, 21.0, 6.4, 3.5, 1.2]

Test results: [1.0000076068948522]

Set starting node vals
None 

Test Input: [70.0, 2.0, 3.1, 1.6, 198.0, 40.0, 28.0, 5.6, 2.0, 0.5]

Test results: [1.0000076068951829]

Set starting node vals
None 

Test Input: [42.0, 1.0, 0.8, 0.2, 195.0, 18.0, 15.0, 6.7, 3.0, 0.8]

Test results: [1.0000076068948525]

Set starting node vals
None 

Test Input: [32.0, 2.0, 3.7, 1.6, 612.0, 50.0, 88.0, 6.2, 1.9, 0.4]

Test results: [1.0000076068948522]

Set starting node vals
None 

Test Input: [42.0, 2.0, 2.7, 1.3, 219.0, 60.0, 180.0, 7.0, 3.2, 0.8]

Test results: [1.0000076068948522]

Set starting node vals
None 

Test Input: [24.0, 1.0, 0.9, 0.2, 195.0, 40.0, 35.0, 7.4, 4.1, 1.2]

Test results: [1.0000076068948522]

Set starting node vals
None 

Test Input: [17.0, 2.0, 0.9, 0.2, 224.0, 36.0, 45.0, 6.9, 4.2, 1.55]

Test results: [1.0000076068948522]

Set starting node vals
None 

Test Input: [42.0, 2.0, 30.5, 14.2, 285.0, 65.0, 130.0, 5.2, 2.1, 0.6]

Test results: [1.0000076068948522]

Set starting node vals
None 

Test Input: [45.0, 1.0, 0.6, 0.1, 270.0, 23.0, 42.0, 5.1, 2.0, 0.5]

Test results: [1.0000076068948522]

Set starting node vals
None 

Test Input: [49.0, 2.0, 0.6, 0.1, 218.0, 50.0, 53.0, 5.0, 2.4, 0.9]

Test results: [1.0000076068948522]

Set starting node vals
None 

Test Input: [51.0, 2.0, 2.9, 1.2, 189.0, 80.0, 125.0, 6.2, 3.1, 1.0]

Test results: [1.0000076068948522]

Set starting node vals
None 

Test Input: [13.0, 2.0, 1.5, 0.5, 575.0, 29.0, 24.0, 7.9, 3.9, 0.9]

Test results: [1.0000076068948522]

Set starting node vals
None 

Test Input: [32.0, 2.0, 15.0, 8.2, 289.0, 58.0, 80.0, 5.3, 2.2, 0.7]

Test results: [1.0000076068948522]

Set starting node vals
None 

Test Input: [36.0, 1.0, 1.2, 0.4, 358.0, 160.0, 90.0, 8.3, 4.4, 1.1]

Test results: [1.0000076068948522]

Set starting node vals
None 

Test Input: [49.0, 2.0, 1.0, 0.3, 230.0, 48.0, 58.0, 8.4, 4.2, 1.0]

Test results: [1.0000076068948522]

Set starting node vals
None 

Test Input: [27.0, 2.0, 0.6, 0.2, 161.0, 27.0, 28.0, 3.7, 1.6, 0.76]

Test results: [1.0000076068948522]

Set starting node vals
None 

Test Input: [30.0, 2.0, 0.8, 0.2, 182.0, 46.0, 57.0, 7.8, 4.3, 1.2]

Test results: [1.0000076068948522]

Set starting node vals
None 

Test Input: [50.0, 2.0, 1.1, 0.3, 175.0, 20.0, 19.0, 7.1, 4.5, 1.7]

Test results: [1.0000076068948605]

Set starting node vals
None 

Test Input: [36.0, 2.0, 0.9, 0.1, 486.0, 25.0, 34.0, 5.9, 2.8, 0.9]

Test results: [1.0000076068948522]

Set starting node vals
None 

Test Input: [45.0, 1.0, 1.0, 0.3, 250.0, 48.0, 44.0, 8.6, 4.3, 1.0]

Test results: [1.0000076068948522]

Set starting node vals
None 

Test Input: [33.0, 2.0, 2.0, 1.4, 2110.0, 48.0, 89.0, 6.2, 3.0, 0.9]

Test results: [1.0000076068948522]

Set starting node vals
None 

Test Input: [7.0, 2.0, 0.5, 0.1, 352.0, 28.0, 51.0, 7.9, 4.2, 1.1]

Test results: [1.0000076068948522]

Set starting node vals
None 

Test Input: [60.0, 2.0, 2.0, 0.8, 190.0, 45.0, 40.0, 6.0, 2.8, 0.8]

Test results: [1.0000076068948522]

Set starting node vals
None 

Test Input: [55.0, 1.0, 0.8, 0.2, 225.0, 14.0, 23.0, 6.1, 3.3, 1.2]

Test results: [1.0000076068948522]

Set starting node vals
None 

Test Input: [60.0, 2.0, 2.4, 1.0, 1124.0, 30.0, 54.0, 5.2, 1.9, 0.5]

Test results: [1.0000076068948522]

Set starting node vals
None 

Test Input: [35.0, 2.0, 2.0, 1.1, 226.0, 33.0, 135.0, 6.0, 2.7, 0.8]

Test results: [1.0000076068948522]

Set starting node vals
None 

Test Input: [48.0, 2.0, 0.7, 0.2, 208.0, 15.0, 30.0, 4.6, 2.1, 0.8]

Test results: [1.0000076068948522]

Set starting node vals
None 

Test Input: [22.0, 2.0, 0.6, 0.2, 202.0, 78.0, 41.0, 8.0, 3.9, 0.9]

Test results: [1.0000076068948522]

Set starting node vals
None 

Test Input: [57.0, 2.0, 4.5, 2.3, 315.0, 120.0, 105.0, 7.0, 4.0, 1.3]

Test results: [1.0000076068948522]

Set starting node vals
None 

Test Input: [22.0, 2.0, 0.8, 0.2, 198.0, 20.0, 26.0, 6.8, 3.9, 1.3]

Test results: [1.0000076068948522]

Set starting node vals
None 

Test Input: [30.0, 2.0, 0.7, 0.2, 262.0, 15.0, 18.0, 9.6, 4.7, 1.2]

Test results: [1.0000076068948522]

Set starting node vals
None 

Test Input: [72.0, 2.0, 0.7, 0.2, 185.0, 16.0, 22.0, 7.3, 3.7, 1.0]

Test results: [1.0000076069051442]

Set starting node vals
None 

Test Input: [29.0, 1.0, 0.7, 0.1, 162.0, 52.0, 41.0, 5.2, 2.5, 0.9]

Test results: [1.0000076068948522]

Set starting node vals
None 

Test Input: [26.0, 1.0, 0.6, 0.2, 142.0, 12.0, 32.0, 5.7, 2.4, 0.75]

Test results: [1.0000076068948522]

Set starting node vals
None 

Test Input: [25.0, 2.0, 0.8, 0.1, 130.0, 23.0, 42.0, 8.0, 4.0, 1.0]

Test results: [1.0000076068948522]

Set starting node vals
None 

Test Input: [78.0, 2.0, 1.0, 0.3, 152.0, 28.0, 70.0, 6.3, 3.1, 0.9]

Test results: [1.0000076068948522]

Set starting node vals
None 

Test Input: [35.0, 1.0, 1.0, 0.3, 805.0, 133.0, 103.0, 7.9, 3.3, 0.7]

Test results: [1.0000076068948522]

Set starting node vals
None 

Test Input: [49.0, 2.0, 0.7, 0.1, 148.0, 14.0, 12.0, 5.4, 2.8, 1.0]

Test results: [1.0000076188371079]

Set starting node vals
None 

Test Input: [22.0, 2.0, 2.4, 1.0, 340.0, 25.0, 21.0, 8.3, 4.5, 1.1]

Test results: [1.0000076068948522]

Set starting node vals
None 

Test Input: [46.0, 2.0, 18.4, 8.5, 450.0, 119.0, 230.0, 7.5, 3.3, 0.7]

Test results: [1.0000076068948522]

Set starting node vals
None 

Test Input: [15.0, 2.0, 0.8, 0.2, 380.0, 25.0, 66.0, 6.1, 3.7, 1.5]

Test results: [1.0000076068948522]

Set starting node vals
None 

Test Input: [8.0, 1.0, 0.9, 0.2, 401.0, 25.0, 58.0, 7.5, 3.4, 0.8]

Test results: [1.0000076068948522]

Set starting node vals
None 

Test Input: [58.0, 2.0, 0.8, 0.2, 123.0, 56.0, 48.0, 6.0, 3.0, 1.0]

Test results: [1.0000076068948522]

Set starting node vals
None 

Test Input: [39.0, 2.0, 1.9, 0.9, 180.0, 42.0, 62.0, 7.4, 4.3, 1.38]

Test results: [1.0000076068948522]

Set starting node vals
None 

Test Input: [30.0, 1.0, 0.7, 0.2, 194.0, 32.0, 36.0, 7.5, 3.6, 0.92]

Test results: [1.0000076068948522]

Set starting node vals
None 

Test Input: [45.0, 2.0, 3.2, 1.4, 512.0, 50.0, 58.0, 6.0, 2.7, 0.8]

Test results: [1.0000076068948522]

Set starting node vals
None 

Test Input: [60.0, 2.0, 5.8, 2.7, 204.0, 220.0, 400.0, 7.0, 3.0, 0.7]

Test results: [1.0000076068948522]

Set starting node vals
None 

Test Input: [60.0, 2.0, 1.5, 0.6, 360.0, 230.0, 298.0, 4.5, 2.0, 0.8]

Test results: [1.0000076068948522]

Set starting node vals
None 

Test Input: [51.0, 2.0, 0.7, 0.1, 180.0, 25.0, 27.0, 6.1, 3.1, 1.0]

Test results: [1.0000076068948522]

Set starting node vals
None 

Test Input: [32.0, 2.0, 12.7, 6.2, 194.0, 2000.0, 2946.0, 5.7, 3.3, 1.3]

Test results: [1.0000076068948522]

Set starting node vals
None 

Test Input: [33.0, 2.0, 0.7, 0.1, 168.0, 35.0, 33.0, 7.0, 3.7, 1.1]

Test results: [1.0000076068948522]

Set starting node vals
None 

Test Input: [36.0, 2.0, 1.7, 0.5, 205.0, 36.0, 34.0, 7.1, 3.9, 1.2]

Test results: [1.0000076068948522]

Set starting node vals
None 

Test Input: [40.0, 2.0, 0.9, 0.3, 196.0, 69.0, 48.0, 6.8, 3.1, 0.8]

Test results: [1.0000076068948522]

Set starting node vals
None 

Test Input: [45.0, 2.0, 2.5, 1.2, 163.0, 28.0, 22.0, 7.6, 4.0, 1.1]

Test results: [1.000007606894853]

Set starting node vals
None 

Test Input: [45.0, 2.0, 0.8, 0.2, 140.0, 24.0, 20.0, 6.3, 3.2, 1.0]

Test results: [1.0000076068950505]

Relative Error: 15.25% 

Least Squares Error: 17.999726131294032 

Loss Squared Error: 0.3050847457627119 

Percent Misidentified: 30.51% 
