DATASET: page-blocks2

Test inputs: 
[1.0, 15.0, 15.0, 15.0, 0.867, 1.0, 13.0, 13.0, 15.0, 1.0] [15.0, 11.0, 165.0, 0.733, 0.503, 0.685, 10.38, 83.0, 113.0, 8.0] [8.0, 27.0, 216.0, 3.375, 0.218, 0.852, 2.24, 47.0, 184.0, 21.0] [5.0, 81.0, 405.0, 16.2, 0.311, 0.968, 1.3, 126.0, 392.0, 97.0] [10.0, 23.0, 230.0, 2.3, 0.317, 0.891, 2.35, 73.0, 205.0, 31.0] [7.0, 63.0, 441.0, 9.0, 0.288, 0.991, 1.61, 127.0, 437.0, 79.0] [8.0, 19.0, 152.0, 2.375, 0.382, 0.724, 1.93, 58.0, 110.0, 30.0] [24.0, 96.0, 2304.0, 4.0, 0.208, 0.504, 3.18, 480.0, 1161.0, 151.0] [12.0, 175.0, 2100.0, 14.583, 0.403, 0.774, 4.28, 847.0, 1625.0, 198.0] [9.0, 21.0, 189.0, 2.333, 0.529, 0.958, 3.33, 100.0, 181.0, 30.0] [13.0, 5.0, 65.0, 0.385, 0.123, 0.538, 8.0, 8.0, 35.0, 1.0] [11.0, 57.0, 627.0, 5.182, 0.295, 0.719, 2.47, 185.0, 451.0, 75.0] [10.0, 22.0, 220.0, 2.2, 0.277, 0.595, 1.74, 61.0, 131.0, 35.0] [12.0, 14.0, 168.0, 1.167, 0.357, 0.958, 2.31, 60.0, 161.0, 26.0] [5.0, 27.0, 135.0, 5.4, 0.267, 0.622, 1.71, 36.0, 84.0, 21.0] [7.0, 31.0, 217.0, 4.429, 0.286, 0.673, 1.55, 62.0, 146.0, 40.0] [1.0, 86.0, 86.0, 86.0, 0.93, 1.0, 40.0, 80.0, 86.0, 2.0] [10.0, 122.0, 1220.0, 12.2, 0.294, 0.689, 2.1, 359.0, 840.0, 171.0] [7.0, 7.0, 49.0, 1.0, 0.306, 0.898, 1.36, 15.0, 44.0, 11.0] [8.0, 14.0, 112.0, 1.75, 0.482, 0.679, 3.0, 54.0, 76.0, 18.0] [8.0, 36.0, 288.0, 4.5, 0.299, 0.531, 2.21, 86.0, 153.0, 39.0] [1.0, 13.0, 13.0, 13.0, 1.0, 1.0, 13.0, 13.0, 13.0, 1.0] [9.0, 130.0, 1170.0, 14.444, 0.448, 0.877, 2.63, 524.0, 1026.0, 199.0] [9.0, 29.0, 261.0, 3.222, 0.234, 0.709, 1.3, 61.0, 185.0, 47.0] [11.0, 42.0, 462.0, 3.818, 0.292, 0.76, 1.93, 135.0, 351.0, 70.0] [12.0, 1.0, 12.0, 0.083, 1.0, 1.0, 12.0, 12.0, 12.0, 1.0] [10.0, 27.0, 270.0, 2.7, 0.367, 0.83, 1.87, 99.0, 224.0, 53.0] [7.0, 38.0, 266.0, 5.429, 0.338, 0.729, 1.55, 90.0, 194.0, 58.0] [12.0, 117.0, 1404.0, 9.75, 0.22, 0.673, 1.68, 309.0, 945.0, 184.0] [9.0, 45.0, 405.0, 5.0, 0.442, 0.956, 3.31, 179.0, 387.0, 54.0] [9.0, 21.0, 189.0, 2.333, 0.365, 0.82, 2.88, 69.0, 155.0, 24.0] [7.0, 243.0, 1701.0, 34.714, 0.219, 0.528, 1.62, 372.0, 898.0, 230.0] [2.0, 63.0, 126.0, 31.5, 0.341, 0.508, 10.75, 43.0, 64.0, 4.0] [7.0, 38.0, 266.0, 5.429, 0.226, 0.639, 1.4, 60.0, 170.0, 43.0] [8.0, 19.0, 152.0, 2.375, 0.184, 0.849, 1.47, 28.0, 129.0, 19.0] [8.0, 52.0, 416.0, 6.5, 0.45, 0.921, 2.88, 187.0, 383.0, 65.0] [7.0, 162.0, 1134.0, 23.143, 0.096, 0.235, 1.49, 109.0, 266.0, 73.0] [9.0, 272.0, 2448.0, 30.222, 0.277, 0.67, 1.86, 679.0, 1640.0, 365.0] [8.0, 6.0, 48.0, 0.75, 0.313, 0.813, 1.88, 15.0, 39.0, 8.0] [12.0, 311.0, 3732.0, 25.917, 0.195, 0.781, 1.64, 727.0, 2914.0, 443.0] [8.0, 25.0, 200.0, 3.125, 0.38, 0.795, 1.81, 76.0, 159.0, 42.0] [10.0, 58.0, 580.0, 5.8, 0.081, 0.224, 1.62, 47.0, 130.0, 29.0] [9.0, 508.0, 4572.0, 56.444, 0.16, 0.52, 1.3, 732.0, 2379.0, 563.0] [16.0, 106.0, 1696.0, 6.625, 0.192, 0.593, 1.49, 325.0, 1005.0, 218.0] [11.0, 102.0, 1122.0, 9.273, 0.223, 0.768, 1.53, 250.0, 862.0, 163.0] [10.0, 262.0, 2620.0, 26.2, 0.29, 0.826, 1.76, 761.0, 2163.0, 432.0] [8.0, 15.0, 120.0, 1.875, 0.458, 0.95, 2.2, 55.0, 114.0, 25.0] [7.0, 55.0, 385.0, 7.857, 0.374, 0.821, 2.09, 144.0, 316.0, 69.0] [4.0, 11.0, 44.0, 2.75, 0.159, 0.932, 1.75, 7.0, 41.0, 4.0] [7.0, 111.0, 777.0, 15.857, 0.254, 0.883, 1.5, 197.0, 686.0, 131.0] [1.0, 109.0, 109.0, 109.0, 0.183, 1.0, 1.05, 20.0, 109.0, 19.0] [7.0, 8.0, 56.0, 1.143, 0.482, 1.0, 2.25, 27.0, 56.0, 12.0] [6.0, 27.0, 162.0, 4.5, 0.154, 0.481, 2.78, 25.0, 78.0, 9.0] [7.0, 239.0, 1673.0, 34.143, 0.16, 0.476, 1.51, 268.0, 797.0, 177.0] [10.0, 63.0, 630.0, 6.3, 0.184, 0.617, 1.4, 116.0, 389.0, 83.0] [9.0, 17.0, 153.0, 1.889, 0.229, 0.582, 1.67, 35.0, 89.0, 21.0] [19.0, 12.0, 228.0, 0.632, 0.303, 0.439, 7.67, 69.0, 100.0, 9.0] [7.0, 45.0, 315.0, 6.429, 0.483, 0.984, 2.45, 152.0, 310.0, 62.0] [9.0, 248.0, 2232.0, 27.556, 0.33, 0.727, 2.39, 737.0, 1622.0, 308.0] 
Test expected outputs: 
[2] [1] [1] [1] [1] [1] [1] [1] [1] [1] [5] [1] [1] [1] [1] [1] [2] [1] [1] [1] [1] [2] [1] [1] [1] [4] [1] [1] [1] [1] [1] [1] [2] [1] [1] [1] [1] [1] [1] [1] [1] [1] [1] [1] [1] [1] [1] [1] [5] [1] [1] [1] [1] [1] [1] [1] [1] [1] [1] 
ALGORITHM | Generations | Size | Participants | Victors | mRate | cRate | Threshold 
   G      |     1000      |  20  |     10       |    5    |  0.25  |  0.75  |   10.0     

Set starting node vals
None 

Test Input: [1.0, 15.0, 15.0, 15.0, 0.867, 1.0, 13.0, 13.0, 15.0, 1.0]

Test results: [1.0130054917624274]

Set starting node vals
None 

Test Input: [15.0, 11.0, 165.0, 0.733, 0.503, 0.685, 10.38, 83.0, 113.0, 8.0]

Test results: [1.0065017037422137]

Set starting node vals
None 

Test Input: [8.0, 27.0, 216.0, 3.375, 0.218, 0.852, 2.24, 47.0, 184.0, 21.0]

Test results: [1.0132267542635884]

Set starting node vals
None 

Test Input: [5.0, 81.0, 405.0, 16.2, 0.311, 0.968, 1.3, 126.0, 392.0, 97.0]

Test results: [1.0065017045958413]

Set starting node vals
None 

Test Input: [10.0, 23.0, 230.0, 2.3, 0.317, 0.891, 2.35, 73.0, 205.0, 31.0]

Test results: [1.00733953557475]

Set starting node vals
None 

Test Input: [7.0, 63.0, 441.0, 9.0, 0.288, 0.991, 1.61, 127.0, 437.0, 79.0]

Test results: [1.0105104375088387]

Set starting node vals
None 

Test Input: [8.0, 19.0, 152.0, 2.375, 0.382, 0.724, 1.93, 58.0, 110.0, 30.0]

Test results: [1.006501706607196]

Set starting node vals
None 

Test Input: [24.0, 96.0, 2304.0, 4.0, 0.208, 0.504, 3.18, 480.0, 1161.0, 151.0]

Test results: [1.0132267549415808]

Set starting node vals
None 

Test Input: [12.0, 175.0, 2100.0, 14.583, 0.403, 0.774, 4.28, 847.0, 1625.0, 198.0]

Test results: [1.006501703704885]

Set starting node vals
None 

Test Input: [9.0, 21.0, 189.0, 2.333, 0.529, 0.958, 3.33, 100.0, 181.0, 30.0]

Test results: [1.006501703704885]

Set starting node vals
None 

Test Input: [13.0, 5.0, 65.0, 0.385, 0.123, 0.538, 8.0, 8.0, 35.0, 1.0]

Test results: [1.013226754108762]

Set starting node vals
None 

Test Input: [11.0, 57.0, 627.0, 5.182, 0.295, 0.719, 2.47, 185.0, 451.0, 75.0]

Test results: [1.0065017173822028]

Set starting node vals
None 

Test Input: [10.0, 22.0, 220.0, 2.2, 0.277, 0.595, 1.74, 61.0, 131.0, 35.0]

Test results: [1.0065427803108724]

Set starting node vals
None 

Test Input: [12.0, 14.0, 168.0, 1.167, 0.357, 0.958, 2.31, 60.0, 161.0, 26.0]

Test results: [1.0066001707898664]

Set starting node vals
None 

Test Input: [5.0, 27.0, 135.0, 5.4, 0.267, 0.622, 1.71, 36.0, 84.0, 21.0]

Test results: [1.0079265443652463]

Set starting node vals
None 

Test Input: [7.0, 31.0, 217.0, 4.429, 0.286, 0.673, 1.55, 62.0, 146.0, 40.0]

Test results: [1.006506944954317]

Set starting node vals
None 

Test Input: [1.0, 86.0, 86.0, 86.0, 0.93, 1.0, 40.0, 80.0, 86.0, 2.0]

Test results: [1.0087730979787966]

Set starting node vals
None 

Test Input: [10.0, 122.0, 1220.0, 12.2, 0.294, 0.689, 2.1, 359.0, 840.0, 171.0]

Test results: [1.006501703704885]

Set starting node vals
None 

Test Input: [7.0, 7.0, 49.0, 1.0, 0.306, 0.898, 1.36, 15.0, 44.0, 11.0]

Test results: [1.011325849505211]

Set starting node vals
None 

Test Input: [8.0, 14.0, 112.0, 1.75, 0.482, 0.679, 3.0, 54.0, 76.0, 18.0]

Test results: [1.0065017038462818]

Set starting node vals
None 

Test Input: [8.0, 36.0, 288.0, 4.5, 0.299, 0.531, 2.21, 86.0, 153.0, 39.0]

Test results: [1.0065017097541744]

Set starting node vals
None 

Test Input: [1.0, 13.0, 13.0, 13.0, 1.0, 1.0, 13.0, 13.0, 13.0, 1.0]

Test results: [1.012614346937245]

Set starting node vals
None 

Test Input: [9.0, 130.0, 1170.0, 14.444, 0.448, 0.877, 2.63, 524.0, 1026.0, 199.0]

Test results: [1.0065017037050223]

Set starting node vals
None 

Test Input: [9.0, 29.0, 261.0, 3.222, 0.234, 0.709, 1.3, 61.0, 185.0, 47.0]

Test results: [1.0130725637963849]

Set starting node vals
None 

Test Input: [11.0, 42.0, 462.0, 3.818, 0.292, 0.76, 1.93, 135.0, 351.0, 70.0]

Test results: [1.0065021859058827]

Set starting node vals
None 

Test Input: [12.0, 1.0, 12.0, 0.083, 1.0, 1.0, 12.0, 12.0, 12.0, 1.0]

Test results: [1.0129362208679507]

Set starting node vals
None 

Test Input: [10.0, 27.0, 270.0, 2.7, 0.367, 0.83, 1.87, 99.0, 224.0, 53.0]

Test results: [1.0065017037091577]

Set starting node vals
None 

Test Input: [7.0, 38.0, 266.0, 5.429, 0.338, 0.729, 1.55, 90.0, 194.0, 58.0]

Test results: [1.0065017037082131]

Set starting node vals
None 

Test Input: [12.0, 117.0, 1404.0, 9.75, 0.22, 0.673, 1.68, 309.0, 945.0, 184.0]

Test results: [1.0132267549415808]

Set starting node vals
None 

Test Input: [9.0, 45.0, 405.0, 5.0, 0.442, 0.956, 3.31, 179.0, 387.0, 54.0]

Test results: [1.006501703704885]

Set starting node vals
None 

Test Input: [9.0, 21.0, 189.0, 2.333, 0.365, 0.82, 2.88, 69.0, 155.0, 24.0]

Test results: [1.0065022554864562]

Set starting node vals
None 

Test Input: [7.0, 243.0, 1701.0, 34.714, 0.219, 0.528, 1.62, 372.0, 898.0, 230.0]

Test results: [1.0131719549025178]

Set starting node vals
None 

Test Input: [2.0, 63.0, 126.0, 31.5, 0.341, 0.508, 10.75, 43.0, 64.0, 4.0]

Test results: [1.012814483353635]

Set starting node vals
None 

Test Input: [7.0, 38.0, 266.0, 5.429, 0.226, 0.639, 1.4, 60.0, 170.0, 43.0]

Test results: [1.0130805439217603]

Set starting node vals
None 

Test Input: [8.0, 19.0, 152.0, 2.375, 0.184, 0.849, 1.47, 28.0, 129.0, 19.0]

Test results: [1.0132267525906848]

Set starting node vals
None 

Test Input: [8.0, 52.0, 416.0, 6.5, 0.45, 0.921, 2.88, 187.0, 383.0, 65.0]

Test results: [1.006501703704885]

Set starting node vals
None 

Test Input: [7.0, 162.0, 1134.0, 23.143, 0.096, 0.235, 1.49, 109.0, 266.0, 73.0]

Test results: [1.0132267549415808]

Set starting node vals
None 

Test Input: [9.0, 272.0, 2448.0, 30.222, 0.277, 0.67, 1.86, 679.0, 1640.0, 365.0]

Test results: [1.006501703704885]

Set starting node vals
None 

Test Input: [8.0, 6.0, 48.0, 0.75, 0.313, 0.813, 1.88, 15.0, 39.0, 8.0]

Test results: [1.012139767307372]

Set starting node vals
None 

Test Input: [12.0, 311.0, 3732.0, 25.917, 0.195, 0.781, 1.64, 727.0, 2914.0, 443.0]

Test results: [1.0132267549415808]

Set starting node vals
None 

Test Input: [8.0, 25.0, 200.0, 3.125, 0.38, 0.795, 1.81, 76.0, 159.0, 42.0]

Test results: [1.0065017037355268]

Set starting node vals
None 

Test Input: [10.0, 58.0, 580.0, 5.8, 0.081, 0.224, 1.62, 47.0, 130.0, 29.0]

Test results: [1.0132267549415808]

Set starting node vals
None 

Test Input: [9.0, 508.0, 4572.0, 56.444, 0.16, 0.52, 1.3, 732.0, 2379.0, 563.0]

Test results: [1.0132267549415808]

Set starting node vals
None 

Test Input: [16.0, 106.0, 1696.0, 6.625, 0.192, 0.593, 1.49, 325.0, 1005.0, 218.0]

Test results: [1.0132267549415808]

Set starting node vals
None 

Test Input: [11.0, 102.0, 1122.0, 9.273, 0.223, 0.768, 1.53, 250.0, 862.0, 163.0]

Test results: [1.0132267549415808]

Set starting node vals
None 

Test Input: [10.0, 262.0, 2620.0, 26.2, 0.29, 0.826, 1.76, 761.0, 2163.0, 432.0]

Test results: [1.006501703704885]

Set starting node vals
None 

Test Input: [8.0, 15.0, 120.0, 1.875, 0.458, 0.95, 2.2, 55.0, 114.0, 25.0]

Test results: [1.006501706183127]

Set starting node vals
None 

Test Input: [7.0, 55.0, 385.0, 7.857, 0.374, 0.821, 2.09, 144.0, 316.0, 69.0]

Test results: [1.006501703704885]

Set starting node vals
None 

Test Input: [4.0, 11.0, 44.0, 2.75, 0.159, 0.932, 1.75, 7.0, 41.0, 4.0]

Test results: [1.0132233644047246]

Set starting node vals
None 

Test Input: [7.0, 111.0, 777.0, 15.857, 0.254, 0.883, 1.5, 197.0, 686.0, 131.0]

Test results: [1.0132266201040785]

Set starting node vals
None 

Test Input: [1.0, 109.0, 109.0, 109.0, 0.183, 1.0, 1.05, 20.0, 109.0, 19.0]

Test results: [1.0132267549415808]

Set starting node vals
None 

Test Input: [7.0, 8.0, 56.0, 1.143, 0.482, 1.0, 2.25, 27.0, 56.0, 12.0]

Test results: [1.0065191148144776]

Set starting node vals
None 

Test Input: [6.0, 27.0, 162.0, 4.5, 0.154, 0.481, 2.78, 25.0, 78.0, 9.0]

Test results: [1.0132267528666845]

Set starting node vals
None 

Test Input: [7.0, 239.0, 1673.0, 34.143, 0.16, 0.476, 1.51, 268.0, 797.0, 177.0]

Test results: [1.0132267549415808]

Set starting node vals
None 

Test Input: [10.0, 63.0, 630.0, 6.3, 0.184, 0.617, 1.4, 116.0, 389.0, 83.0]

Test results: [1.0132267549415805]

Set starting node vals
None 

Test Input: [9.0, 17.0, 153.0, 1.889, 0.229, 0.582, 1.67, 35.0, 89.0, 21.0]

Test results: [1.0131139841824774]

Set starting node vals
None 

Test Input: [19.0, 12.0, 228.0, 0.632, 0.303, 0.439, 7.67, 69.0, 100.0, 9.0]

Test results: [1.0097264617105184]

Set starting node vals
None 

Test Input: [7.0, 45.0, 315.0, 6.429, 0.483, 0.984, 2.45, 152.0, 310.0, 62.0]

Test results: [1.006501703704885]

Set starting node vals
None 

Test Input: [9.0, 248.0, 2232.0, 27.556, 0.33, 0.727, 2.39, 737.0, 1622.0, 308.0]

Test results: [1.006501703704885]

Relative Error: 8.14% 

Least Squares Error: 44.62250605488016 

Loss Squared Error: 0.7627118644067796 

Percent Misidentified: 11.86% 
