DATASET: wine

Test inputs: 
[13.11, 1.9, 2.75, 25.5, 116.0, 2.2, 1.28, 0.26, 1.56, 7.1, 0.61, 1.33, 425.0] [12.34, 2.45, 2.46, 21.0, 98.0, 2.56, 2.11, 0.34, 1.31, 2.8, 0.8, 3.38, 438.0] [13.4, 3.91, 2.48, 23.0, 102.0, 1.8, 0.75, 0.43, 1.41, 7.3, 0.7, 1.56, 750.0] [13.64, 3.1, 2.56, 15.2, 116.0, 2.7, 3.03, 0.17, 1.66, 5.1, 0.96, 3.36, 845.0] [12.37, 0.94, 1.36, 10.6, 88.0, 1.98, 0.57, 0.28, 0.42, 1.95, 1.05, 1.82, 520.0] [14.39, 1.87, 2.45, 14.6, 96.0, 2.5, 2.52, 0.3, 1.98, 5.25, 1.02, 3.58, 1290.0] [11.66, 1.88, 1.92, 16.0, 97.0, 1.61, 1.57, 0.34, 1.15, 3.8, 1.23, 2.14, 428.0] [13.76, 1.53, 2.7, 19.5, 132.0, 2.95, 2.74, 0.5, 1.35, 5.4, 1.25, 3.0, 1235.0] [11.82, 1.72, 1.88, 19.5, 86.0, 2.5, 1.64, 0.37, 1.42, 2.06, 0.94, 2.44, 415.0] [12.17, 1.45, 2.53, 19.0, 104.0, 1.89, 1.75, 0.45, 1.03, 2.95, 1.45, 2.23, 355.0] [11.84, 0.89, 2.58, 18.0, 94.0, 2.2, 2.21, 0.22, 2.35, 3.05, 0.79, 3.08, 520.0] [12.7, 3.55, 2.36, 21.5, 106.0, 1.7, 1.2, 0.17, 0.84, 5.0, 0.78, 1.29, 600.0] [12.58, 1.29, 2.1, 20.0, 103.0, 1.48, 0.58, 0.53, 1.4, 7.6, 0.58, 1.55, 640.0] [13.48, 1.81, 2.41, 20.5, 100.0, 2.7, 2.98, 0.26, 1.86, 5.1, 1.04, 3.47, 920.0] [14.83, 1.64, 2.17, 14.0, 97.0, 2.8, 2.98, 0.29, 1.98, 5.2, 1.08, 2.85, 1045.0] [14.38, 3.59, 2.28, 16.0, 102.0, 3.25, 3.17, 0.27, 2.19, 4.9, 1.04, 3.44, 1065.0] [13.56, 1.71, 2.31, 16.2, 117.0, 3.15, 3.29, 0.34, 2.34, 6.13, 0.95, 3.38, 795.0] [12.82, 3.37, 2.3, 19.5, 88.0, 1.48, 0.66, 0.4, 0.97, 10.26, 0.72, 1.75, 685.0] [13.86, 1.35, 2.27, 16.0, 98.0, 2.98, 3.15, 0.22, 1.85, 7.22, 1.01, 3.55, 1045.0] [14.22, 1.7, 2.3, 16.3, 118.0, 3.2, 3.0, 0.26, 2.03, 6.38, 0.94, 3.31, 970.0] [13.71, 5.65, 2.45, 20.5, 95.0, 1.68, 0.61, 0.52, 1.06, 7.7, 0.64, 1.74, 740.0] [14.1, 2.16, 2.3, 18.0, 105.0, 2.95, 3.32, 0.22, 2.38, 5.75, 1.25, 3.17, 1510.0] [13.71, 1.86, 2.36, 16.6, 101.0, 2.61, 2.88, 0.27, 1.69, 3.8, 1.11, 4.0, 1035.0] [12.33, 1.1, 2.28, 16.0, 101.0, 2.05, 1.09, 0.63, 0.41, 3.27, 1.25, 1.67, 680.0] [13.05, 5.8, 2.13, 21.5, 86.0, 2.62, 2.65, 0.3, 2.01, 2.6, 0.73, 3.1, 380.0] [12.21, 1.19, 1.75, 16.8, 151.0, 1.85, 1.28, 0.14, 2.5, 2.85, 1.28, 3.07, 718.0] [12.08, 2.08, 1.7, 17.5, 97.0, 2.23, 2.17, 0.26, 1.4, 3.3, 1.27, 2.96, 710.0] [13.69, 3.26, 2.54, 20.0, 107.0, 1.83, 0.56, 0.5, 0.8, 5.88, 0.96, 1.82, 680.0] [13.2, 1.78, 2.14, 11.2, 100.0, 2.65, 2.76, 0.26, 1.28, 4.38, 1.05, 3.4, 1050.0] [13.77, 1.9, 2.68, 17.1, 115.0, 3.0, 2.79, 0.39, 1.68, 6.3, 1.13, 2.93, 1375.0] [11.45, 2.4, 2.42, 20.0, 96.0, 2.9, 2.79, 0.32, 1.83, 3.25, 0.8, 3.39, 625.0] [13.87, 1.9, 2.8, 19.4, 107.0, 2.95, 2.97, 0.37, 1.76, 4.5, 1.25, 3.4, 915.0] [12.25, 1.73, 2.12, 19.0, 80.0, 1.65, 2.03, 0.37, 1.63, 3.4, 1.0, 3.17, 510.0] [12.87, 4.61, 2.48, 21.5, 86.0, 1.7, 0.65, 0.47, 0.86, 7.65, 0.54, 1.86, 625.0] [12.52, 2.43, 2.17, 21.0, 88.0, 2.55, 2.27, 0.26, 1.22, 2.0, 0.9, 2.78, 325.0] 
Test expected outputs: 
[3] [2] [3] [1] [2] [1] [2] [1] [2] [2] [2] [3] [3] [1] [1] [1] [1] [3] [1] [1] [3] [1] [1] [2] [2] [2] [2] [3] [1] [1] [2] [1] [2] [3] [2] 
ALGORITHM | Generations | Size | Participants | Victors | mRate | cRate | Threshold 
   G      |     1000      |  20  |     10       |    5    |  0.25  |  0.75  |   20.0     

Set starting node vals
None 

Test Input: [13.11, 1.9, 2.75, 25.5, 116.0, 2.2, 1.28, 0.26, 1.56, 7.1, 0.61, 1.33, 425.0]

Test results: [1.8739297806934039]

Set starting node vals
None 

Test Input: [12.34, 2.45, 2.46, 21.0, 98.0, 2.56, 2.11, 0.34, 1.31, 2.8, 0.8, 3.38, 438.0]

Test results: [1.8739297806933959]

Set starting node vals
None 

Test Input: [13.4, 3.91, 2.48, 23.0, 102.0, 1.8, 0.75, 0.43, 1.41, 7.3, 0.7, 1.56, 750.0]

Test results: [1.873929694245612]

Set starting node vals
None 

Test Input: [13.64, 3.1, 2.56, 15.2, 116.0, 2.7, 3.03, 0.17, 1.66, 5.1, 0.96, 3.36, 845.0]

Test results: [1.873911886378533]

Set starting node vals
None 

Test Input: [12.37, 0.94, 1.36, 10.6, 88.0, 1.98, 0.57, 0.28, 0.42, 1.95, 1.05, 1.82, 520.0]

Test results: [1.8739297788084548]

Set starting node vals
None 

Test Input: [14.39, 1.87, 2.45, 14.6, 96.0, 2.5, 2.52, 0.3, 1.98, 5.25, 1.02, 3.58, 1290.0]

Test results: [1.025614699663054]

Set starting node vals
None 

Test Input: [11.66, 1.88, 1.92, 16.0, 97.0, 1.61, 1.57, 0.34, 1.15, 3.8, 1.23, 2.14, 428.0]

Test results: [1.8739297806934025]

Set starting node vals
None 

Test Input: [13.76, 1.53, 2.7, 19.5, 132.0, 2.95, 2.74, 0.5, 1.35, 5.4, 1.25, 3.0, 1235.0]

Test results: [1.0260361380826335]

Set starting node vals
None 

Test Input: [11.82, 1.72, 1.88, 19.5, 86.0, 2.5, 1.64, 0.37, 1.42, 2.06, 0.94, 2.44, 415.0]

Test results: [1.8739297806924626]

Set starting node vals
None 

Test Input: [12.17, 1.45, 2.53, 19.0, 104.0, 1.89, 1.75, 0.45, 1.03, 2.95, 1.45, 2.23, 355.0]

Test results: [1.8739297806934039]

Set starting node vals
None 

Test Input: [11.84, 0.89, 2.58, 18.0, 94.0, 2.2, 2.21, 0.22, 2.35, 3.05, 0.79, 3.08, 520.0]

Test results: [1.8739297806488726]

Set starting node vals
None 

Test Input: [12.7, 3.55, 2.36, 21.5, 106.0, 1.7, 1.2, 0.17, 0.84, 5.0, 0.78, 1.29, 600.0]

Test results: [1.8739297806930786]

Set starting node vals
None 

Test Input: [12.58, 1.29, 2.1, 20.0, 103.0, 1.48, 0.58, 0.53, 1.4, 7.6, 0.58, 1.55, 640.0]

Test results: [1.8739297806921504]

Set starting node vals
None 

Test Input: [13.48, 1.81, 2.41, 20.5, 100.0, 2.7, 2.98, 0.26, 1.86, 5.1, 1.04, 3.47, 920.0]

Test results: [1.043746475793818]

Set starting node vals
None 

Test Input: [14.83, 1.64, 2.17, 14.0, 97.0, 2.8, 2.98, 0.29, 1.98, 5.2, 1.08, 2.85, 1045.0]

Test results: [1.0256148375835357]

Set starting node vals
None 

Test Input: [14.38, 3.59, 2.28, 16.0, 102.0, 3.25, 3.17, 0.27, 2.19, 4.9, 1.04, 3.44, 1065.0]

Test results: [1.0256147464211989]

Set starting node vals
None 

Test Input: [13.56, 1.71, 2.31, 16.2, 117.0, 3.15, 3.29, 0.34, 2.34, 6.13, 0.95, 3.38, 795.0]

Test results: [1.8739297670502801]

Set starting node vals
None 

Test Input: [12.82, 3.37, 2.3, 19.5, 88.0, 1.48, 0.66, 0.4, 0.97, 10.26, 0.72, 1.75, 685.0]

Test results: [1.8739293327274598]

Set starting node vals
None 

Test Input: [13.86, 1.35, 2.27, 16.0, 98.0, 2.98, 3.15, 0.22, 1.85, 7.22, 1.01, 3.55, 1045.0]

Test results: [1.025615394340212]

Set starting node vals
None 

Test Input: [14.22, 1.7, 2.3, 16.3, 118.0, 3.2, 3.0, 0.26, 2.03, 6.38, 0.94, 3.31, 970.0]

Test results: [1.8671187352735716]

Set starting node vals
None 

Test Input: [13.71, 5.65, 2.45, 20.5, 95.0, 1.68, 0.61, 0.52, 1.06, 7.7, 0.64, 1.74, 740.0]

Test results: [1.8739138669268156]

Set starting node vals
None 

Test Input: [14.1, 2.16, 2.3, 18.0, 105.0, 2.95, 3.32, 0.22, 2.38, 5.75, 1.25, 3.17, 1510.0]

Test results: [1.025614699663054]

Set starting node vals
None 

Test Input: [13.71, 1.86, 2.36, 16.6, 101.0, 2.61, 2.88, 0.27, 1.69, 3.8, 1.11, 4.0, 1035.0]

Test results: [1.0256148516559969]

Set starting node vals
None 

Test Input: [12.33, 1.1, 2.28, 16.0, 101.0, 2.05, 1.09, 0.63, 0.41, 3.27, 1.25, 1.67, 680.0]

Test results: [1.873929771592818]

Set starting node vals
None 

Test Input: [13.05, 5.8, 2.13, 21.5, 86.0, 2.62, 2.65, 0.3, 2.01, 2.6, 0.73, 3.1, 380.0]

Test results: [1.873929780691857]

Set starting node vals
None 

Test Input: [12.21, 1.19, 1.75, 16.8, 151.0, 1.85, 1.28, 0.14, 2.5, 2.85, 1.28, 3.07, 718.0]

Test results: [1.8739297806934039]

Set starting node vals
None 

Test Input: [12.08, 2.08, 1.7, 17.5, 97.0, 2.23, 2.17, 0.26, 1.4, 3.3, 1.27, 2.96, 710.0]

Test results: [1.8738752185109275]

Set starting node vals
None 

Test Input: [13.69, 3.26, 2.54, 20.0, 107.0, 1.83, 0.56, 0.5, 0.8, 5.88, 0.96, 1.82, 680.0]

Test results: [1.8739297806442878]

Set starting node vals
None 

Test Input: [13.2, 1.78, 2.14, 11.2, 100.0, 2.65, 2.76, 0.26, 1.28, 4.38, 1.05, 3.4, 1050.0]

Test results: [1.0256147305283658]

Set starting node vals
None 

Test Input: [13.77, 1.9, 2.68, 17.1, 115.0, 3.0, 2.79, 0.39, 1.68, 6.3, 1.13, 2.93, 1375.0]

Test results: [1.025614699663135]

Set starting node vals
None 

Test Input: [11.45, 2.4, 2.42, 20.0, 96.0, 2.9, 2.79, 0.32, 1.83, 3.25, 0.8, 3.39, 625.0]

Test results: [1.8739296155180387]

Set starting node vals
None 

Test Input: [13.87, 1.9, 2.8, 19.4, 107.0, 2.95, 2.97, 0.37, 1.76, 4.5, 1.25, 3.4, 915.0]

Test results: [1.6669551575387955]

Set starting node vals
None 

Test Input: [12.25, 1.73, 2.12, 19.0, 80.0, 1.65, 2.03, 0.37, 1.63, 3.4, 1.0, 3.17, 510.0]

Test results: [1.87392966158723]

Set starting node vals
None 

Test Input: [12.87, 4.61, 2.48, 21.5, 86.0, 1.7, 0.65, 0.47, 0.86, 7.65, 0.54, 1.86, 625.0]

Test results: [1.873929550922103]

Set starting node vals
None 

Test Input: [12.52, 2.43, 2.17, 21.0, 88.0, 2.55, 2.27, 0.26, 1.22, 2.0, 0.9, 2.78, 325.0]

Test results: [1.8739297806934032]

Relative Error: 21.08% 

Least Squares Error: 13.08298250712777 

Loss Squared Error: 0.34285714285714286 

Percent Misidentified: 34.29% 
