DATASET: wine2

Test inputs: 
[11.76, 2.68, 2.92, 20.0, 103.0, 1.75, 2.03, 0.6, 1.05, 3.8, 1.23, 2.5, 607.0] [13.45, 3.7, 2.6, 23.0, 111.0, 1.7, 0.92, 0.43, 1.46, 10.68, 0.85, 1.56, 695.0] [11.84, 0.89, 2.58, 18.0, 94.0, 2.2, 2.21, 0.22, 2.35, 3.05, 0.79, 3.08, 520.0] [13.16, 2.36, 2.67, 18.6, 101.0, 2.8, 3.24, 0.3, 2.81, 5.68, 1.03, 3.17, 1185.0] [12.69, 1.53, 2.26, 20.7, 80.0, 1.38, 1.46, 0.58, 1.62, 3.05, 0.96, 2.06, 495.0] [13.83, 1.65, 2.6, 17.2, 94.0, 2.45, 2.99, 0.22, 2.29, 5.6, 1.24, 3.37, 1265.0] [12.7, 3.87, 2.4, 23.0, 101.0, 2.83, 2.55, 0.43, 1.95, 2.57, 1.19, 3.13, 463.0] [12.0, 0.92, 2.0, 19.0, 86.0, 2.42, 2.26, 0.3, 1.43, 2.5, 1.38, 3.12, 278.0] [12.29, 3.17, 2.21, 18.0, 88.0, 2.85, 2.99, 0.45, 2.81, 2.3, 1.42, 2.83, 406.0] [12.34, 2.45, 2.46, 21.0, 98.0, 2.56, 2.11, 0.34, 1.31, 2.8, 0.8, 3.38, 438.0] [13.78, 2.76, 2.3, 22.0, 90.0, 1.35, 0.68, 0.41, 1.03, 9.58, 0.7, 1.68, 615.0] [14.37, 1.95, 2.5, 16.8, 113.0, 3.85, 3.49, 0.24, 2.18, 7.8, 0.86, 3.45, 1480.0] [12.04, 4.3, 2.38, 22.0, 80.0, 2.1, 1.75, 0.42, 1.35, 2.6, 0.79, 2.57, 580.0] [13.9, 1.68, 2.12, 16.0, 101.0, 3.1, 3.39, 0.21, 2.14, 6.1, 0.91, 3.33, 985.0] [13.58, 2.58, 2.69, 24.5, 105.0, 1.55, 0.84, 0.39, 1.54, 8.66, 0.74, 1.8, 750.0] [13.77, 1.9, 2.68, 17.1, 115.0, 3.0, 2.79, 0.39, 1.68, 6.3, 1.13, 2.93, 1375.0] [13.51, 1.8, 2.65, 19.0, 110.0, 2.35, 2.53, 0.29, 1.54, 4.2, 1.1, 2.87, 1095.0] [12.93, 3.8, 2.65, 18.6, 102.0, 2.41, 2.41, 0.25, 1.98, 4.5, 1.03, 3.52, 770.0] [12.82, 3.37, 2.3, 19.5, 88.0, 1.48, 0.66, 0.4, 0.97, 10.26, 0.72, 1.75, 685.0] [12.99, 1.67, 2.6, 30.0, 139.0, 3.3, 2.89, 0.21, 1.96, 3.35, 1.31, 3.5, 985.0] [13.16, 3.57, 2.15, 21.0, 102.0, 1.5, 0.55, 0.43, 1.3, 4.0, 0.6, 1.68, 830.0] [12.08, 1.33, 2.3, 23.6, 70.0, 2.2, 1.59, 0.42, 1.38, 1.74, 1.07, 3.21, 625.0] [13.05, 1.73, 2.04, 12.4, 92.0, 2.72, 3.27, 0.17, 2.91, 7.2, 1.12, 2.91, 1150.0] [13.05, 3.86, 2.32, 22.5, 85.0, 1.65, 1.59, 0.61, 1.62, 4.8, 0.84, 2.01, 515.0] [13.39, 1.77, 2.62, 16.1, 93.0, 2.85, 2.94, 0.34, 1.45, 4.8, 0.92, 3.22, 1195.0] [13.86, 1.51, 2.67, 25.0, 86.0, 2.95, 2.86, 0.21, 1.87, 3.38, 1.36, 3.16, 410.0] [14.22, 3.99, 2.51, 13.2, 128.0, 3.0, 3.04, 0.2, 2.08, 5.1, 0.89, 3.53, 760.0] [12.08, 1.83, 2.32, 18.5, 81.0, 1.6, 1.5, 0.52, 1.64, 2.4, 1.08, 2.27, 480.0] [11.84, 2.89, 2.23, 18.0, 112.0, 1.72, 1.32, 0.43, 0.95, 2.65, 0.96, 2.52, 500.0] [14.38, 3.59, 2.28, 16.0, 102.0, 3.25, 3.17, 0.27, 2.19, 4.9, 1.04, 3.44, 1065.0] [13.23, 3.3, 2.28, 18.5, 98.0, 1.8, 0.83, 0.61, 1.87, 10.52, 0.56, 1.51, 675.0] [12.77, 2.39, 2.28, 19.5, 86.0, 1.39, 0.51, 0.48, 0.64, 9.899999, 0.57, 1.63, 470.0] [13.41, 3.84, 2.12, 18.8, 90.0, 2.45, 2.68, 0.27, 1.48, 4.28, 0.91, 3.0, 1035.0] [12.6, 2.46, 2.2, 18.5, 94.0, 1.62, 0.66, 0.63, 0.94, 7.1, 0.73, 1.58, 695.0] [12.08, 1.39, 2.5, 22.5, 84.0, 2.56, 2.29, 0.43, 1.04, 2.9, 0.93, 3.19, 385.0] 
Test expected outputs: 
[2] [3] [2] [1] [2] [1] [2] [2] [2] [2] [3] [1] [2] [1] [3] [1] [1] [1] [3] [2] [3] [2] [1] [2] [1] [2] [1] [2] [2] [1] [3] [3] [1] [3] [2] 
ALGORITHM | Generations | Size | Participants | Victors | mRate | cRate | Threshold 
   G      |     1000      |  20  |     10       |    5    |  0.25  |  0.75  |   10.0     

Set starting node vals
None 

Test Input: [11.76, 2.68, 2.92, 20.0, 103.0, 1.75, 2.03, 0.6, 1.05, 3.8, 1.23, 2.5, 607.0]

Test results: [2.009050504504877]

Set starting node vals
None 

Test Input: [13.45, 3.7, 2.6, 23.0, 111.0, 1.7, 0.92, 0.43, 1.46, 10.68, 0.85, 1.56, 695.0]

Test results: [2.012321604393676]

Set starting node vals
None 

Test Input: [11.84, 0.89, 2.58, 18.0, 94.0, 2.2, 2.21, 0.22, 2.35, 3.05, 0.79, 3.08, 520.0]

Test results: [2.007305276318962]

Set starting node vals
None 

Test Input: [13.16, 2.36, 2.67, 18.6, 101.0, 2.8, 3.24, 0.3, 2.81, 5.68, 1.03, 3.17, 1185.0]

Test results: [0.9975649762543982]

Set starting node vals
None 

Test Input: [12.69, 1.53, 2.26, 20.7, 80.0, 1.38, 1.46, 0.58, 1.62, 3.05, 0.96, 2.06, 495.0]

Test results: [2.012954297516396]

Set starting node vals
None 

Test Input: [13.83, 1.65, 2.6, 17.2, 94.0, 2.45, 2.99, 0.22, 2.29, 5.6, 1.24, 3.37, 1265.0]

Test results: [0.9968135202015388]

Set starting node vals
None 

Test Input: [12.7, 3.87, 2.4, 23.0, 101.0, 2.83, 2.55, 0.43, 1.95, 2.57, 1.19, 3.13, 463.0]

Test results: [2.012667629714905]

Set starting node vals
None 

Test Input: [12.0, 0.92, 2.0, 19.0, 86.0, 2.42, 2.26, 0.3, 1.43, 2.5, 1.38, 3.12, 278.0]

Test results: [2.0123854755742627]

Set starting node vals
None 

Test Input: [12.29, 3.17, 2.21, 18.0, 88.0, 2.85, 2.99, 0.45, 2.81, 2.3, 1.42, 2.83, 406.0]

Test results: [1.9964900939264307]

Set starting node vals
None 

Test Input: [12.34, 2.45, 2.46, 21.0, 98.0, 2.56, 2.11, 0.34, 1.31, 2.8, 0.8, 3.38, 438.0]

Test results: [2.012001953984027]

Set starting node vals
None 

Test Input: [13.78, 2.76, 2.3, 22.0, 90.0, 1.35, 0.68, 0.41, 1.03, 9.58, 0.7, 1.68, 615.0]

Test results: [2.011844256415567]

Set starting node vals
None 

Test Input: [14.37, 1.95, 2.5, 16.8, 113.0, 3.85, 3.49, 0.24, 2.18, 7.8, 0.86, 3.45, 1480.0]

Test results: [0.9967382667250334]

Set starting node vals
None 

Test Input: [12.04, 4.3, 2.38, 22.0, 80.0, 2.1, 1.75, 0.42, 1.35, 2.6, 0.79, 2.57, 580.0]

Test results: [2.0111918930939967]

Set starting node vals
None 

Test Input: [13.9, 1.68, 2.12, 16.0, 101.0, 3.1, 3.39, 0.21, 2.14, 6.1, 0.91, 3.33, 985.0]

Test results: [0.9968849120489487]

Set starting node vals
None 

Test Input: [13.58, 2.58, 2.69, 24.5, 105.0, 1.55, 0.84, 0.39, 1.54, 8.66, 0.74, 1.8, 750.0]

Test results: [2.012940024487939]

Set starting node vals
None 

Test Input: [13.77, 1.9, 2.68, 17.1, 115.0, 3.0, 2.79, 0.39, 1.68, 6.3, 1.13, 2.93, 1375.0]

Test results: [0.9968286696774964]

Set starting node vals
None 

Test Input: [13.51, 1.8, 2.65, 19.0, 110.0, 2.35, 2.53, 0.29, 1.54, 4.2, 1.1, 2.87, 1095.0]

Test results: [1.0652420757038332]

Set starting node vals
None 

Test Input: [12.93, 3.8, 2.65, 18.6, 102.0, 2.41, 2.41, 0.25, 1.98, 4.5, 1.03, 3.52, 770.0]

Test results: [1.2937032691581847]

Set starting node vals
None 

Test Input: [12.82, 3.37, 2.3, 19.5, 88.0, 1.48, 0.66, 0.4, 0.97, 10.26, 0.72, 1.75, 685.0]

Test results: [1.961973841176598]

Set starting node vals
None 

Test Input: [12.99, 1.67, 2.6, 30.0, 139.0, 3.3, 2.89, 0.21, 1.96, 3.35, 1.31, 3.5, 985.0]

Test results: [2.012979707880242]

Set starting node vals
None 

Test Input: [13.16, 3.57, 2.15, 21.0, 102.0, 1.5, 0.55, 0.43, 1.3, 4.0, 0.6, 1.68, 830.0]

Test results: [2.0128540128075896]

Set starting node vals
None 

Test Input: [12.08, 1.33, 2.3, 23.6, 70.0, 2.2, 1.59, 0.42, 1.38, 1.74, 1.07, 3.21, 625.0]

Test results: [2.0127367282807693]

Set starting node vals
None 

Test Input: [13.05, 1.73, 2.04, 12.4, 92.0, 2.72, 3.27, 0.17, 2.91, 7.2, 1.12, 2.91, 1150.0]

Test results: [0.9967401157257672]

Set starting node vals
None 

Test Input: [13.05, 3.86, 2.32, 22.5, 85.0, 1.65, 1.59, 0.61, 1.62, 4.8, 0.84, 2.01, 515.0]

Test results: [2.01278744295152]

Set starting node vals
None 

Test Input: [13.39, 1.77, 2.62, 16.1, 93.0, 2.85, 2.94, 0.34, 1.45, 4.8, 0.92, 3.22, 1195.0]

Test results: [0.9967805382225119]

Set starting node vals
None 

Test Input: [13.86, 1.51, 2.67, 25.0, 86.0, 2.95, 2.86, 0.21, 1.87, 3.38, 1.36, 3.16, 410.0]

Test results: [2.012731154094136]

Set starting node vals
None 

Test Input: [14.22, 3.99, 2.51, 13.2, 128.0, 3.0, 3.04, 0.2, 2.08, 5.1, 0.89, 3.53, 760.0]

Test results: [0.9990321062039832]

Set starting node vals
None 

Test Input: [12.08, 1.83, 2.32, 18.5, 81.0, 1.6, 1.5, 0.52, 1.64, 2.4, 1.08, 2.27, 480.0]

Test results: [2.012622087712918]

Set starting node vals
None 

Test Input: [11.84, 2.89, 2.23, 18.0, 112.0, 1.72, 1.32, 0.43, 0.95, 2.65, 0.96, 2.52, 500.0]

Test results: [2.0127897889424826]

Set starting node vals
None 

Test Input: [14.38, 3.59, 2.28, 16.0, 102.0, 3.25, 3.17, 0.27, 2.19, 4.9, 1.04, 3.44, 1065.0]

Test results: [0.9968432668628807]

Set starting node vals
None 

Test Input: [13.23, 3.3, 2.28, 18.5, 98.0, 1.8, 0.83, 0.61, 1.87, 10.52, 0.56, 1.51, 675.0]

Test results: [1.9902190126973895]

Set starting node vals
None 

Test Input: [12.77, 2.39, 2.28, 19.5, 86.0, 1.39, 0.51, 0.48, 0.64, 9.899999, 0.57, 1.63, 470.0]

Test results: [2.0108914651386307]

Set starting node vals
None 

Test Input: [13.41, 3.84, 2.12, 18.8, 90.0, 2.45, 2.68, 0.27, 1.48, 4.28, 0.91, 3.0, 1035.0]

Test results: [1.000181140961142]

Set starting node vals
None 

Test Input: [12.6, 2.46, 2.2, 18.5, 94.0, 1.62, 0.66, 0.63, 0.94, 7.1, 0.73, 1.58, 695.0]

Test results: [2.008573889944762]

Set starting node vals
None 

Test Input: [12.08, 1.39, 2.5, 22.5, 84.0, 2.56, 2.29, 0.43, 1.04, 2.9, 0.93, 3.19, 385.0]

Test results: [2.012489809619143]

Relative Error: 8.94% 

Least Squares Error: 8.051752679672724 

Loss Squared Error: 0.22857142857142856 

Percent Misidentified: 22.86% 
