M,0.53,0.435,0.16,0.883,0.316,0.164,0.335,15
I,0.385,0.285,0.085,0.244,0.1215,0.0445,0.068,8
F,0.485,0.38,0.15,0.605,0.2155,0.14,0.18,15
I,0.56,0.445,0.165,1.0285,0.4535,0.253,0.275,11
M,0.63,0.515,0.16,1.016,0.4215,0.244,0.355,19
M,0.55,0.435,0.14,0.7625,0.327,0.1685,0.259,10
M,0.38,0.3,0.1,0.2505,0.106,0.0535,0.0775,8
I,0.38,0.28,0.095,0.2885,0.165,0.0435,0.067,7
M,0.425,0.305,0.11,0.359,0.173,0.0875,0.0975,9
I,0.29,0.225,0.07,0.101,0.036,0.0235,0.035,8
I,0.485,0.345,0.16,0.869,0.3085,0.185,0.319,9
I,0.33,0.245,0.065,0.1445,0.058,0.032,0.0505,6
M,0.465,0.36,0.125,0.4365,0.169,0.1075,0.145,11
F,0.64,0.485,0.185,1.4195,0.6735,0.3465,0.3255,11
F,0.625,0.525,0.215,1.5765,0.5115,0.2595,0.665,16
F,0.57,0.445,0.15,0.995,0.504,0.185,0.2505,9
F,0.48,0.38,0.12,0.608,0.2705,0.1405,0.185,8
I,0.6,0.48,0.17,0.9175,0.38,0.2225,0.29,8
I,0.4,0.29,0.11,0.329,0.188,0.0455,0.0825,6
I,0.335,0.25,0.095,0.185,0.0795,0.0495,0.055,8
M,0.69,0.55,0.2,1.8465,0.732,0.472,0.57,19
I,0.4,0.31,0.1,0.306,0.13,0.06,0.094,6
F,0.325,0.26,0.09,0.1915,0.085,0.036,0.062,7
M,0.685,0.535,0.155,1.3845,0.6615,0.2145,0.4075,10
I,0.525,0.4,0.14,0.6055,0.2605,0.108,0.21,9
F,0.475,0.38,0.14,0.689,0.3165,0.1315,0.1955,7
F,0.59,0.46,0.16,1.0115,0.445,0.2615,0.2565,8
M,0.52,0.395,0.125,0.8115,0.4035,0.166,0.2,7
F,0.67,0.55,0.19,1.3905,0.5425,0.3035,0.4,12
I,0.255,0.19,0.075,0.0865,0.0345,0.0205,0.025,5
F,0.505,0.475,0.16,1.1155,0.509,0.239,0.3065,8
I,0.41,0.305,0.09,0.3535,0.157,0.0745,0.1,7
F,0.64,0.54,0.175,1.571,0.627,0.271,0.475,18
M,0.7,0.55,0.2,1.523,0.693,0.306,0.4405,13
M,0.605,0.49,0.145,1.3,0.517,0.3285,0.31,14
M,0.465,0.36,0.115,0.5795,0.295,0.1395,0.12,7
I,0.45,0.34,0.125,0.4045,0.171,0.07,0.1345,8
F,0.505,0.395,0.145,0.6515,0.2695,0.153,0.205,15
I,0.62,0.485,0.18,1.154,0.4935,0.256,0.315,12
I,0.25,0.175,0.06,0.0635,0.0275,0.008,0.02,4
F,0.67,0.53,0.205,1.4015,0.643,0.2465,0.416,12
F,0.34,0.255,0.085,0.204,0.097,0.021,0.05,6
M,0.665,0.515,0.165,1.3855,0.621,0.302,0.3445,8
I,0.58,0.42,0.14,0.701,0.3285,0.102,0.2255,9
M,0.615,0.475,0.205,1.337,0.5995,0.2815,0.37,11
M,0.52,0.4,0.12,0.58,0.234,0.1315,0.185,8
M,0.56,0.425,0.135,0.9415,0.509,0.2015,0.1975,9
F,0.59,0.455,0.155,1.066,0.382,0.2275,0.415,20
M,0.64,0.525,0.18,1.3135,0.4865,0.2995,0.4075,10
I,0.485,0.375,0.11,0.464,0.2015,0.09,0.149,8
M,0.61,0.475,0.155,0.983,0.4565,0.228,0.266,10
M,0.43,0.31,0.13,0.6485,0.2735,0.163,0.184,9
F,0.385,0.3,0.1,0.2725,0.1115,0.057,0.08,6
F,0.55,0.44,0.155,0.946,0.313,0.1825,0.335,16
M,0.675,0.515,0.145,1.265,0.6025,0.299,0.325,10
I,0.625,0.485,0.15,1.044,0.438,0.2865,0.278,9
F,0.61,0.475,0.15,1.1135,0.5195,0.2575,0.3005,11
M,0.445,0.355,0.11,0.4415,0.1805,0.1035,0.1505,10
M,0.53,0.42,0.135,0.675,0.294,0.156,0.1825,10
M,0.39,0.28,0.125,0.564,0.3035,0.0955,0.143,7
I,0.35,0.265,0.11,0.209,0.066,0.059,0.075,9
M,0.535,0.42,0.125,0.764,0.312,0.1505,0.265,11
M,0.5,0.4,0.145,0.6025,0.216,0.138,0.21,11
F,0.605,0.45,0.165,1.2225,0.357,0.202,0.385,13
I,0.255,0.19,0.05,0.083,0.0295,0.0215,0.027,6
I,0.42,0.305,0.11,0.28,0.094,0.0785,0.0955,9
M,0.525,0.41,0.165,0.8005,0.2635,0.1985,0.25,13
F,0.53,0.415,0.15,0.7775,0.237,0.1415,0.33,20
M,0.465,0.35,0.14,0.5755,0.2015,0.1505,0.19,15
I,0.195,0.135,0.04,0.0325,0.0135,0.005,0.0095,4
I,0.5,0.38,0.135,0.594,0.2945,0.104,0.1565,9
F,0.56,0.445,0.155,1.224,0.5565,0.3225,0.2695,10
F,0.71,0.56,0.18,1.652,0.735,0.381,0.4525,11
F,0.5,0.38,0.155,0.655,0.2405,0.143,0.205,17
I,0.52,0.38,0.13,0.5345,0.2375,0.122,0.1535,8
M,0.37,0.29,0.09,0.241,0.11,0.045,0.069,10
F,0.49,0.39,0.135,0.5785,0.2465,0.123,0.2,13
F,0.735,0.6,0.22,2.555,1.1335,0.44,0.6,11
F,0.455,0.365,0.115,0.4305,0.184,0.108,0.1245,8
M,0.51,0.4,0.13,0.6435,0.27,0.1665,0.205,12
M,0.59,0.47,0.18,1.1235,0.4205,0.2805,0.36,13
M,0.76,0.575,0.19,1.829,0.7035,0.386,0.56,14
M,0.63,0.495,0.175,1.2695,0.605,0.271,0.328,11
I,0.58,0.445,0.125,0.7095,0.303,0.1405,0.235,9
M,0.705,0.56,0.22,1.981,0.8175,0.3085,0.76,14
M,0.6,0.475,0.175,1.11,0.5105,0.256,0.285,9
F,0.435,0.35,0.105,0.4195,0.194,0.1005,0.13,7
M,0.62,0.48,0.165,1.0725,0.4815,0.235,0.312,9
I,0.46,0.36,0.105,0.466,0.2225,0.099,0.11,7
F,0.66,0.5,0.155,1.3765,0.6485,0.288,0.335,12
M,0.595,0.475,0.16,1.3175,0.408,0.234,0.58,21
I,0.495,0.37,0.125,0.4775,0.185,0.0705,0.169,18
M,0.5,0.4,0.125,0.6725,0.336,0.12,0.1825,7
M,0.65,0.525,0.175,1.5365,0.6865,0.3585,0.405,11
M,0.73,0.585,0.225,2.2305,1.2395,0.422,0.563,14
F,0.505,0.38,0.13,0.693,0.391,0.1195,0.1515,8
F,0.6,0.475,0.155,1.059,0.441,0.19,0.39,11
M,0.575,0.45,0.185,0.925,0.342,0.197,0.35,12
I,0.45,0.35,0.13,0.547,0.245,0.1405,0.1405,8
I,0.485,0.365,0.125,0.426,0.163,0.0965,0.151,8
F,0.575,0.48,0.17,1.1,0.506,0.2485,0.31,10
F,0.62,0.48,0.165,1.0125,0.5325,0.4365,0.324,10
F,0.55,0.445,0.155,0.9905,0.544,0.178,0.218,9
I,0.545,0.43,0.13,0.7595,0.358,0.153,0.2055,8
I,0.475,0.36,0.11,0.4555,0.177,0.0965,0.145,9
F,0.48,0.38,0.135,0.507,0.1915,0.1365,0.155,12
M,0.635,0.51,0.155,1.156,0.428,0.289,0.315,18
M,0.655,0.52,0.17,1.1445,0.53,0.223,0.348,9
I,0.335,0.24,0.095,0.17,0.062,0.039,0.055,9
I,0.27,0.195,0.06,0.073,0.0285,0.0235,0.03,5
F,0.635,0.505,0.145,1.1345,0.505,0.2655,0.315,10
I,0.545,0.375,0.12,0.543,0.2375,0.1155,0.1725,8
M,0.465,0.375,0.11,0.5,0.21,0.113,0.1505,8
F,0.445,0.335,0.14,0.4565,0.1785,0.114,0.14,11
F,0.47,0.375,0.125,0.5615,0.252,0.137,0.18,10
M,0.77,0.62,0.195,2.5155,1.1155,0.6415,0.642,12
M,0.625,0.495,0.185,1.3835,0.7105,0.3005,0.345,11
F,0.435,0.35,0.11,0.384,0.143,0.1005,0.125,13
I,0.34,0.26,0.08,0.2,0.08,0.0555,0.055,6
M,0.58,0.475,0.15,0.97,0.385,0.2165,0.35,11
M,0.505,0.385,0.15,0.6415,0.246,0.152,0.215,12
I,0.575,0.475,0.17,0.967,0.3775,0.284,0.275,13
F,0.595,0.48,0.15,1.11,0.498,0.228,0.33,10
I,0.535,0.455,0.14,1.0015,0.53,0.1765,0.244,9
I,0.4,0.3,0.115,0.318,0.1335,0.0725,0.0935,6
I,0.33,0.26,0.085,0.1965,0.0915,0.0425,0.055,7
M,0.62,0.48,0.15,1.266,0.6285,0.2575,0.309,12
I,0.35,0.265,0.095,0.199,0.073,0.049,0.06,5
I,0.165,0.12,0.05,0.021,0.0075,0.0045,0.014,3
F,0.54,0.415,0.15,0.8115,0.3875,0.1875,0.2035,9
M,0.53,0.41,0.165,0.732,0.189,0.17,0.31,11
M,0.585,0.455,0.15,0.906,0.4095,0.23,0.2335,8
F,0.72,0.545,0.185,1.7185,0.7925,0.401,0.468,11
F,0.64,0.495,0.17,1.2265,0.49,0.377,0.2875,11
I,0.46,0.37,0.12,0.5335,0.2645,0.108,0.1345,6
F,0.58,0.45,0.17,0.9705,0.4615,0.232,0.248,9
I,0.565,0.435,0.155,0.782,0.2715,0.168,0.285,14
M,0.645,0.515,0.185,1.4605,0.5835,0.3155,0.41,19
I,0.28,0.205,0.07,0.1015,0.041,0.03,0.03,6
M,0.64,0.515,0.08,1.042,0.515,0.1755,0.175,10
F,0.595,0.46,0.16,0.921,0.4005,0.2025,0.2875,9
M,0.505,0.4,0.135,0.723,0.377,0.149,0.178,7
M,0.37,0.28,0.1,0.252,0.1065,0.0595,0.074,8
F,0.62,0.48,0.23,1.0935,0.403,0.245,0.355,14
F,0.68,0.55,0.175,1.798,0.815,0.3925,0.455,19
I,0.365,0.275,0.135,0.24,0.108,0.0445,0.0735,7
I,0.5,0.395,0.14,0.6215,0.2925,0.1205,0.195,9
F,0.655,0.54,0.215,1.5555,0.695,0.296,0.444,11
F,0.395,0.315,0.105,0.3515,0.1185,0.091,0.1195,16
F,0.545,0.425,0.125,0.768,0.294,0.1495,0.26,16
M,0.45,0.355,0.115,0.478,0.18,0.1185,0.155,10
M,0.52,0.4,0.105,0.872,0.4515,0.1615,0.1985,9
F,0.625,0.49,0.145,0.92,0.437,0.1735,0.28,10
M,0.66,0.515,0.195,1.5655,0.7345,0.353,0.386,9
M,0.615,0.45,0.15,1.198,0.707,0.2095,0.2505,7
M,0.65,0.485,0.16,1.7395,0.5715,0.2785,0.3075,10
F,0.665,0.5,0.175,1.742,0.595,0.3025,0.725,21
I,0.18,0.125,0.035,0.0265,0.0095,0.0055,0.0085,4
I,0.49,0.38,0.12,0.529,0.2165,0.139,0.155,11
M,0.675,0.515,0.15,1.312,0.556,0.2845,0.4115,11
I,0.37,0.27,0.09,0.1855,0.07,0.0425,0.065,7
M,0.475,0.36,0.14,0.5135,0.241,0.1045,0.155,8
M,0.78,0.6,0.21,2.548,1.1945,0.5745,0.6745,11
I,0.335,0.255,0.085,0.1785,0.071,0.0405,0.055,9
M,0.525,0.405,0.135,0.7575,0.3305,0.216,0.195,10
F,0.715,0.565,0.18,1.79,0.844,0.3535,0.5385,9
F,0.545,0.435,0.15,0.6855,0.2905,0.145,0.225,10
F,0.605,0.48,0.175,1.1685,0.4815,0.2305,0.356,9
F,0.58,0.465,0.165,1.1015,0.404,0.2095,0.35,11
I,0.13,0.1,0.03,0.013,0.0045,0.003,0.004,3
M,0.615,0.48,0.175,1.118,0.446,0.3195,0.3,9
F,0.53,0.395,0.115,0.5685,0.249,0.1375,0.161,9
M,0.55,0.425,0.155,0.9175,0.2775,0.243,0.335,13
M,0.445,0.345,0.09,0.3795,0.143,0.074,0.125,10
M,0.59,0.45,0.155,0.874,0.369,0.2135,0.24,8
F,0.645,0.525,0.17,1.37,0.6135,0.283,0.34,10
M,0.74,0.57,0.18,1.8725,0.9115,0.427,0.446,10
I,0.475,0.365,0.1,0.1315,0.2025,0.0875,0.123,7
F,0.56,0.41,0.16,0.8215,0.342,0.184,0.253,9
I,0.395,0.29,0.095,0.319,0.138,0.08,0.082,7
M,0.65,0.52,0.19,1.3445,0.519,0.306,0.4465,16
I,0.385,0.295,0.085,0.2535,0.103,0.0575,0.085,7
F,0.62,0.485,0.22,1.511,0.5095,0.284,0.51,17
I,0.415,0.32,0.11,0.3735,0.175,0.0755,0.109,7
F,0.5,0.39,0.13,0.6355,0.2505,0.1635,0.195,15
M,0.555,0.435,0.145,0.9205,0.404,0.2275,0.255,8
F,0.615,0.475,0.145,0.9525,0.3915,0.195,0.32,9
M,0.685,0.55,0.2,1.7725,0.813,0.387,0.49,11
M,0.515,0.395,0.12,0.646,0.285,0.1365,0.172,9
M,0.59,0.46,0.13,1.102,0.455,0.2055,0.33,12
M,0.56,0.41,0.165,0.93,0.3505,0.237,0.3,13
M,0.72,0.585,0.22,1.914,0.9155,0.448,0.479,11
M,0.595,0.46,0.155,1.03,0.4275,0.207,0.3305,10
I,0.52,0.4,0.13,0.5825,0.233,0.1365,0.18,10
F,0.42,0.33,0.125,0.463,0.186,0.11,0.145,10
F,0.54,0.435,0.175,0.892,0.322,0.174,0.335,13
I,0.24,0.175,0.055,0.0705,0.025,0.014,0.021,5
M,0.6,0.475,0.17,1.1315,0.508,0.272,0.309,10
F,0.645,0.52,0.19,1.3105,0.58,0.288,0.37,12
I,0.555,0.43,0.155,0.7395,0.3135,0.1435,0.28,10
M,0.615,0.495,0.155,1.2865,0.435,0.293,0.3245,11
I,0.355,0.27,0.105,0.271,0.1425,0.0525,0.0735,9
M,0.63,0.505,0.165,1.26,0.4525,0.2755,0.406,14
F,0.645,0.505,0.165,1.318,0.55,0.3015,0.335,11
I,0.53,0.415,0.145,0.944,0.3845,0.185,0.265,21
I,0.235,0.175,0.04,0.0705,0.0335,0.015,0.02,5
F,0.625,0.49,0.19,1.7015,0.7465,0.4105,0.3855,11
M,0.585,0.475,0.15,1.065,0.5315,0.199,0.2885,10
F,0.56,0.435,0.15,0.8715,0.4755,0.1835,0.1835,9
F,0.645,0.515,0.15,1.212,0.515,0.2055,0.385,10
I,0.15,0.1,0.025,0.015,0.0045,0.004,0.005,2
I,0.215,0.165,0.055,0.059,0.0265,0.0125,0.0185,5
I,0.335,0.26,0.09,0.1965,0.0875,0.041,0.056,7
I,0.405,0.31,0.095,0.3425,0.1785,0.064,0.0855,8
I,0.545,0.42,0.165,0.8935,0.4235,0.2195,0.228,8
F,0.675,0.535,0.22,1.604,0.6175,0.4255,0.453,14
F,0.61,0.485,0.17,1.1005,0.5125,0.229,0.305,11
M,0.545,0.46,0.16,0.8975,0.341,0.1655,0.345,10
I,0.305,0.245,0.075,0.156,0.0675,0.038,0.045,7
I,0.585,0.47,0.17,0.985,0.3695,0.2395,0.315,10
F,0.61,0.495,0.16,1.089,0.469,0.198,0.384,11
F,0.63,0.475,0.175,1.423,0.4155,0.3385,0.49,14
M,0.425,0.34,0.12,0.388,0.149,0.087,0.125,10
I,0.305,0.215,0.065,0.1075,0.044,0.0205,0.038,5
I,0.275,0.2,0.065,0.1165,0.0565,0.013,0.035,7
F,0.535,0.46,0.145,0.7875,0.3395,0.2005,0.2,8
F,0.53,0.43,0.17,0.775,0.35,0.152,0.235,17
I,0.475,0.35,0.1,0.4545,0.2165,0.111,0.115,7
M,0.645,0.485,0.215,1.514,0.546,0.2615,0.635,16
I,0.54,0.42,0.14,0.6275,0.2505,0.1175,0.235,9
I,0.495,0.38,0.145,0.5,0.205,0.148,0.1505,8
F,0.6,0.475,0.17,1.088,0.4905,0.2475,0.31,10
I,0.32,0.24,0.09,0.1575,0.07,0.0265,0.0425,5
I,0.455,0.37,0.11,0.514,0.2385,0.1235,0.126,8
I,0.44,0.32,0.105,0.3875,0.1755,0.074,0.12,9
I,0.52,0.41,0.14,0.5995,0.242,0.1375,0.182,11
I,0.33,0.255,0.08,0.205,0.0895,0.0395,0.055,7
M,0.55,0.44,0.155,0.9155,0.3645,0.195,0.25,8
M,0.51,0.415,0.145,0.751,0.3295,0.1835,0.203,8
F,0.7,0.555,0.22,1.666,0.647,0.4285,0.455,11
F,0.545,0.41,0.125,0.6935,0.2975,0.146,0.21,11
M,0.65,0.52,0.175,1.2655,0.615,0.2775,0.336,9
I,0.42,0.325,0.125,0.3915,0.1575,0.1025,0.115,9
F,0.475,0.38,0.145,0.57,0.167,0.118,0.187,11
I,0.275,0.2,0.065,0.1035,0.0475,0.0205,0.03,7
M,0.6,0.46,0.15,1.247,0.5335,0.2735,0.29,9
M,0.45,0.335,0.14,0.478,0.1865,0.115,0.16,11
F,0.605,0.495,0.17,1.2385,0.528,0.2465,0.39,14
I,0.345,0.27,0.11,0.2135,0.082,0.0545,0.07,7
F,0.68,0.505,0.17,1.3435,0.657,0.297,0.355,12
I,0.425,0.34,0.105,0.389,0.2015,0.0905,0.088,6
M,0.6,0.495,0.175,1.3005,0.6195,0.284,0.3285,11
F,0.535,0.4,0.15,0.8045,0.3345,0.2125,0.21,13
I,0.585,0.475,0.16,1.0505,0.48,0.234,0.285,10
M,0.595,0.455,0.155,1.041,0.416,0.2105,0.365,14
I,0.45,0.345,0.11,0.47,0.2355,0.0855,0.1135,7
M,0.53,0.435,0.135,0.7365,0.3275,0.1315,0.22,12
I,0.14,0.105,0.035,0.014,0.0055,0.0025,0.004,3
I,0.515,0.395,0.125,0.5805,0.2365,0.1075,0.19,9
F,0.505,0.41,0.15,0.644,0.285,0.145,0.21,11
I,0.45,0.35,0.135,0.494,0.2205,0.0945,0.1405,7
F,0.625,0.485,0.16,1.254,0.591,0.259,0.3485,9
I,0.205,0.15,0.055,0.042,0.0255,0.015,0.012,5
M,0.63,0.515,0.155,1.259,0.4105,0.197,0.41,13
M,0.505,0.39,0.12,0.653,0.3315,0.1385,0.167,9
F,0.53,0.395,0.145,0.775,0.308,0.169,0.255,7
F,0.655,0.505,0.195,1.4405,0.688,0.3805,0.363,11
F,0.6,0.475,0.15,1.13,0.575,0.196,0.305,9
I,0.27,0.19,0.06,0.099,0.0445,0.017,0.03,5
M,0.585,0.455,0.125,1.027,0.391,0.212,0.25,17
F,0.69,0.53,0.17,1.5535,0.7945,0.3485,0.3695,9
M,0.655,0.53,0.175,1.2635,0.486,0.2635,0.415,15
M,0.575,0.47,0.185,0.985,0.3745,0.2175,0.355,10
M,0.775,0.63,0.25,2.7795,1.3485,0.76,0.578,12
F,0.55,0.425,0.135,0.8515,0.362,0.196,0.27,14
F,0.72,0.575,0.195,2.1505,1.0745,0.382,0.585,10
I,0.485,0.36,0.12,0.5155,0.2465,0.1025,0.147,8
M,0.585,0.465,0.15,0.98,0.4315,0.2545,0.247,9
I,0.53,0.43,0.135,0.6255,0.245,0.1455,0.2135,10
I,0.345,0.275,0.095,0.1995,0.0755,0.0535,0.07,6
M,0.46,0.355,0.11,0.415,0.215,0.082,0.13,12
I,0.37,0.28,0.09,0.2565,0.1255,0.0645,0.0645,6
M,0.64,0.505,0.18,1.297,0.59,0.3125,0.363,11
F,0.655,0.51,0.16,1.092,0.396,0.2825,0.37,14
M,0.61,0.485,0.175,1.2445,0.544,0.297,0.345,12
M,0.61,0.47,0.15,1.1625,0.565,0.258,0.3085,11
I,0.435,0.34,0.12,0.396,0.1775,0.081,0.125,8
M,0.54,0.435,0.14,0.7345,0.33,0.1595,0.213,9
F,0.6,0.45,0.14,0.869,0.3425,0.195,0.291,11
F,0.585,0.46,0.15,1.0035,0.503,0.2105,0.2515,11
I,0.465,0.38,0.13,0.454,0.1895,0.08,0.155,11
I,0.345,0.265,0.1,0.2455,0.111,0.0535,0.065,7
I,0.5,0.365,0.125,0.528,0.229,0.103,0.1645,9
I,0.535,0.45,0.135,0.728,0.2845,0.1845,0.265,9
I,0.53,0.405,0.13,0.6615,0.2945,0.1395,0.19,9
I,0.53,0.42,0.12,0.5965,0.2555,0.141,0.177,7
M,0.555,0.45,0.145,0.915,0.4,0.246,0.285,11
M,0.6,0.465,0.155,1.262,0.6245,0.2455,0.33,10
M,0.59,0.485,0.12,0.911,0.39,0.182,0.29,16
I,0.39,0.295,0.1,0.279,0.1155,0.059,0.08,7
