0.5706,-0.0248,1.2421,-0.5621,0
2.8209,7.3108,-0.81857,-1.8784,0
-1.6386,3.3584,-1.7302,-3.5646,1
1.8384,6.063,0.54723,0.51248,0
4.3846,-4.8794,3.3662,-0.029324,0
1.7748,-0.76978,5.5854,1.3039,0
1.2746,8.8172,-1.5323,-1.7957,0
2.565,8.633,-2.9941,-1.3082,0
-0.89409,3.1991,-1.8219,-2.9452,1
-0.76794,3.4598,-3.4405,-3.4276,1
-2.1674,0.12415,-1.0465,-0.86208,1
-1.0833,-0.31247,1.2815,0.41291,1
-3,-9.1566,9.5766,-0.73018,1
-0.36506,2.8928,-3.6461,-3.0603,1
-0.23356,3.2405,-3.0669,-2.7784,1
3.1088,3.1122,0.80857,0.4336,0
-0.16735,7.6274,1.2061,-3.6241,0
4.616,10.1788,-4.2185,-4.4245,0
4.3684,9.6718,-3.9606,-3.1625,0
2.6562,10.7044,-3.3085,-4.0767,0
5.0214,8.0764,-3.0515,-1.7155,0
-2.9672,-13.2869,13.4727,-2.6271,1
3.4591,11.112,-4.2039,-5.0931,0
3.7635,2.7811,0.66119,0.34179,0
2.031,1.852,-3.0121,0.003003,1
3.8023,-3.8696,4.044,0.95343,0
2.1265,6.8783,0.44784,-2.2224,0
-1.2792,2.1376,-0.47584,-1.3974,1
-2.2214,-0.23798,0.56008,0.05602,1
4.1542,7.2756,-2.4766,-1.2099,0
-1.5572,-9.8808,8.1088,-1.0806,1
-4.244,-13.0634,17.1116,-2.8017,1
5.2418,10.5388,-4.1174,-4.2797,0
3.4985,3.1639,0.22677,-0.1651,0
3.6702,2.9942,0.85141,0.30688,0
3.0672,-4.4117,3.8238,-0.81682,0
-7.0421,9.2,0.25933,-4.6832,1
1.2706,8.035,-0.19651,-2.1888,0
2.2517,-5.1422,4.2916,-1.2487,0
0.66365,-0.045533,-0.18794,0.23447,1
3.2303,7.8384,-3.5348,-1.2151,0
3.0948,8.7324,-2.9007,-0.96682,0
3.5458,9.3718,-4.0351,-3.9564,0
2.0193,0.82356,4.6369,1.4202,0
1.162,10.2926,-1.2821,-4.0392,0
1.5799,-4.7076,7.9186,-1.5487,0
3.6575,7.2797,-2.2692,-1.144,0
-2.0962,-7.1059,6.6188,-0.33708,1
-4.6338,-12.7509,16.7166,-3.2168,1
-3.6961,-13.6779,17.5795,-2.6181,1
2.4226,-4.5752,5.947,0.21507,0
-2.5724,-0.95602,2.7073,-0.16639,1
-0.071503,3.7412,-4.5415,-4.2526,1
-0.65767,-2.8018,3.7115,0.99739,1
4.0524,5.6802,-1.9693,0.026279,0
2.1943,4.5503,-4.976,-2.7254,1
1.8994,0.97462,4.2265,0.81377,0
1.8114,7.6067,-0.9788,-2.4668,0
-6.651,6.7934,0.68604,-7.5887,1
0.32924,-4.4552,4.5718,-0.9888,0
4.2475,1.4816,-0.48355,0.95343,0
0.2952,4.8856,-5.149,-6.2323,1
2.2596,-0.033118,4.7355,-0.2776,0
0.22432,-0.52147,-0.40386,1.2017,1
-1.4572,9.1214,1.7425,-5.1241,0
0.25035,9.3262,-3.6873,-6.2543,0
-1.1859,-1.2519,2.2635,0.77239,1
-0.16682,5.8974,0.49839,-0.70044,0
-2.5912,-0.10554,1.2798,1.0414,1
-1.4275,11.8797,0.41613,-6.9978,0
1.5673,7.9274,-0.056842,-2.1694,0
3.4312,6.2637,-1.9513,-0.36165,0
3.8417,10.0215,-4.2699,-4.9159,0
-4.4779,7.3708,-0.31218,-6.7754,1
-2.0529,3.8385,-0.79544,-1.2138,1
-0.036127,1.525,-1.4089,-0.76121,1
-0.7056,8.7241,2.2215,-4.5965,0
0.5195,-3.2633,3.0895,-0.9849,0
-3.5713,-12.4922,14.8881,-0.47027,1
0.29961,7.1328,-0.31475,-1.1828,0
4.9249,0.68906,0.77344,1.2095,0
4.1736,3.3336,-1.4244,0.60429,0
4.3937,0.35798,2.0416,1.2004,0
4.2458,1.1981,0.66633,0.94696,0
3.7522,-3.6978,3.9943,1.3051,0
0.56953,7.6294,1.5754,-3.2233,0
3.966,3.9213,0.70574,0.33662,0
-3.6012,-6.5389,10.5234,-0.48967,1
-0.092194,0.39315,-0.32846,-0.13794,1
0.86202,2.6963,4.2908,0.54739,0
-0.7351,1.7361,-1.4938,-1.1582,1
3.6894,9.887,-4.0788,-4.3664,0
0.98296,3.4226,-3.9692,-1.7116,1
-3.7573,-8.2916,10.3032,0.38059,1
-1.3274,9.498,2.4408,-5.2689,0
-3.38,-0.7077,2.5325,0.71808,1
1.6349,3.286,2.8753,0.087054,0
0.19081,9.1297,-3.725,-5.8224,0
2.7831,10.9796,-3.557,-4.4039,0
0.0031201,-4.0061,1.7956,0.91722,1
0.4339,5.5395,2.033,-0.40432,0
3.9922,-4.4676,3.7304,-0.1095,0
3.2585,-4.4614,3.8024,-0.15087,0
0.80355,2.8473,4.3439,0.6017,0
5.0617,-0.35799,0.44698,0.99868,0
-2.3277,1.4381,-0.82114,-1.2862,1
-3.5801,-12.9309,13.1779,-2.5677,1
4.5645,-3.6275,2.8684,0.27714,0
0.6005,0.99945,-2.2126,0.097399,1
3.5189,6.332,-1.7791,-0.020273,0
4.5459,8.1674,-2.4586,-1.4621,0
-1.2568,-1.4733,2.8718,0.44653,1
2.4008,9.3593,-3.3565,-3.3526,0
2.2504,3.5757,0.35273,0.2836,0
-3.1128,-6.841,10.7402,-1.0172,1
3.3756,-4.0951,4.367,1.0698,0
-0.55648,3.2136,-3.3085,-2.7965,1
-3.2305,-7.2135,11.6433,-0.94613,1
0.38478,6.5989,-0.3336,-0.56466,0
-1.5055,0.070346,6.8681,-0.50648,0
3.946,6.8514,-1.5443,-0.5582,0
1.6849,8.7489,-1.2641,-1.3858,0
4.2188,6.8162,-1.2804,0.76076,0
1.7875,4.78,-5.1362,-3.2362,1
4.3435,3.3295,0.83598,0.64955,0
-1.5222,10.8409,2.7827,-4.0974,0
3.5499,8.6165,-3.2794,-1.2009,0
0.25943,5.0097,-5.0394,-6.3862,1
-2.7143,11.4535,2.1092,-3.9629,0
0.9297,-3.7971,4.6429,-0.2957,0
-0.539,-5.167,3.4399,0.052141,1
3.8962,-4.7904,3.3954,-0.53751,0
3.5251,0.7201,1.6928,0.64438,0
-1.6162,0.80908,8.1628,0.60817,0
-2.0545,-10.8679,9.4926,-1.4116,1
-0.77688,0.13036,-0.031137,-0.35389,1
-2.1652,3.0211,-2.4132,-2.4241,1
6.0919,2.9673,-1.3267,1.4551,0
0.26637,0.73252,-0.67891,0.03533,1
-2.6286,0.18002,1.7956,0.97282,1
2.6682,10.216,-3.4414,-4.0069,0
4.1665,-0.4449,0.23448,0.27843,0
1.5701,7.9129,0.29018,-2.1953,0
-1.3389,1.552,7.0806,1.031,0
0.88298,0.66009,6.0096,-0.43277,0
-2.4473,12.6247,0.73573,-7.6612,0
-0.025314,-0.17383,-0.11339,1.2198,1
-1.7064,3.3088,-2.2829,-2.1978,1
-6.2815,6.6651,0.52581,-7.0107,1
3.9294,1.4112,1.8076,0.89782,0
2.549,6.1499,-1.1605,-1.2371,0
0.96574,8.393,-1.361,-1.4659,0
2.5989,3.5178,0.7623,0.81119,0
-1.9458,11.2217,1.9079,-3.4405,0
2.5698,-4.4076,5.9856,0.078002,0
3.1377,-4.1096,4.5701,0.98963,0
-1.803,11.8818,2.0458,-5.2728,0
0.50813,0.47799,-1.9804,0.57714,1
0.63655,5.2022,-5.2159,-6.1211,1
3.2051,8.6889,-2.9033,-0.7819,0
-3.1875,-7.5756,11.8678,-0.57889,1
-2.7419,11.4038,2.5394,-5.5793,0
-1.2424,-1.7175,-0.52553,-0.21036,1
0.75736,3.0294,2.9164,-0.068117,0
3.9772,0.33521,2.2566,2.1625,0
0.11686,3.735,-4.4379,-4.3741,1
2.8033,9.0862,-3.3668,-1.0224,0
0.58982,7.4266,1.2353,-2.9595,0
4.2899,9.1814,-4.6067,-4.3263,0
1.3403,4.1323,-4.7018,-2.5987,1
-2.1333,1.5685,-0.084261,-1.7453,1
-2.8267,-9.0407,9.0694,-0.98233,1
1.6472,0.48213,4.7449,1.225,0
-3.2854,4.0372,-0.45356,-1.8228,1
1.8314,6.3672,-0.036278,0.049554,0
2.7365,-5.0325,6.6608,-0.57889,0
2.6463,-4.8152,6.3549,0.003003,0
3.9414,-3.2902,3.1674,1.0866,0
3.359,9.8022,-3.8209,-3.7133,0
2.4012,1.6223,3.0312,0.71679,0
-4.3773,-5.5167,10.939,-0.4082,1
-4.3667,6.0692,0.57208,-5.4668,1
2.4486,-6.3175,7.9632,0.20602,0
-3.7181,-8.5089,12.363,-0.95518,1
-2.6479,10.1374,-1.331,-5.4707,0
0.066129,2.4914,-2.9401,-0.62156,1
-4.4996,3.4288,0.56265,-1.1672,1
3.3577,-4.3062,6.0241,0.18274,0
0.55939,-0.3104,0.18307,0.44653,1
-2.4941,3.5447,-1.3721,-2.8483,1
-3.9204,4.0723,-0.23678,-2.1151,1
5.7456,10.1808,-4.7857,-4.3366,0
2.2634,-4.4862,3.6558,-0.61251,0
1.1432,-3.7413,5.5777,-0.63578,0
3.9102,6.065,-2.4534,-0.68234,0
4.65,-4.8297,3.4553,-0.25174,0
1.742,-4.809,8.2142,-2.0659,0
-2.8833,1.7713,0.68946,-0.4638,1
1.3638,-4.7759,8.4182,-1.8836,0
-2.1241,-6.8969,5.5992,-0.47156,1
0.26877,4.987,-5.1508,-6.3913,1
-0.83121,0.039307,0.05369,-0.23105,1
0.0096613,3.5612,-4.407,-4.4103,1
-2.2153,11.9625,0.078538,-7.7853,0
1.7496,-0.1759,5.1827,1.2922,0
0.89606,10.5471,-1.4175,-4.0327,0
-0.28015,3.0729,-3.3857,-2.9155,1
1.4507,8.7903,-2.2324,-0.65259,0
-1.3414,-2.0776,2.8093,0.60688,1
-1.8629,-0.84841,2.5377,0.097399,1
-3.2051,-0.14279,0.97565,0.045675,1
2.3066,3.5364,0.57551,0.41938,0
2.3678,-6.839,8.4207,-0.44829,0
1.8238,-6.7748,8.3873,-0.54139,0
3.7791,2.5762,1.3098,0.5655,0
-3.8953,4.0392,-0.3019,-2.1836,1
-0.4294,-0.14693,0.044265,-0.15605,1
3.6216,8.6661,-2.8073,-0.44699,0
-2.9498,-8.273,10.2646,1.1629,1
2.8084,11.3045,-3.3394,-4.4194,0
-5.3012,7.3915,0.029699,-7.3987,1
3.7731,7.2073,-1.6814,-0.94742,0
3.9994,0.90427,1.1693,1.6892,0
4.2756,-2.6528,2.1375,0.94437,0
0.75108,1.9161,-3.1098,-0.20518,1
-1.8356,-6.7562,5.0585,-0.55044,1
4.1454,7.257,-1.9153,-0.86078,0
-3.7747,2.5162,0.83341,-0.30993,1
4.988,7.2052,-3.2846,-1.1608,0
-0.71868,-5.7154,3.8298,1.0233,1
2.6799,3.1349,0.34073,0.58489,0
3.4647,-3.9172,3.9746,0.36119,0
2.9163,10.8306,-3.3437,-4.122,0
-2.7611,-10.5099,9.0239,-1.9547,1
0.0040545,0.62905,-0.64121,0.75817,1
1.6408,4.2503,-4.9023,-2.6621,1
2.805,0.57732,1.3424,1.2133,0
4.6689,1.3098,0.055404,1.909,0
2.486,-0.99533,5.3404,-0.15475,0
-2.258,-9.3263,9.3727,-0.85949,1
-0.71494,-4.4448,2.2241,0.49826,1
0.025013,3.3998,-4.4327,-4.2655,1
-3.9698,3.6812,-0.60008,-4.0133,1
-5.9034,6.5679,0.67661,-6.6797,1
2.1319,-2.0403,2.5574,-0.061652,0
4.6464,10.5326,-4.5852,-4.206,0
-1.8187,-9.0366,9.0162,-0.12243,1
-1.4454,-8.4385,8.8483,0.96894,1
0.95626,2.4728,4.4578,0.21636,0
-4.8392,6.6755,-0.24278,-6.5775,1
-1.7063,2.7956,-2.378,-2.3491,1
-4.1409,3.4619,-0.47841,-3.8879,1
2.3718,7.4908,0.015989,-1.7414,0
-1.8411,10.8306,2.769,-3.0901,0
0.96788,7.1907,1.2798,-2.4565,0
2.8523,9.0096,-3.761,-3.3371,0
0.93584,8.8855,-1.6831,-1.6599,0
0.40614,1.3492,-1.4501,-0.55949,1
-0.36038,4.1158,3.1143,-0.37199,0
2.2526,9.9636,-3.1749,-2.9944,0
1.105,7.4432,0.41099,-3.0332,0
-6.5235,9.6014,-0.25392,-6.9642,1
-1.4628,-1.5706,2.4357,0.49826,1
-4.0679,2.4955,0.79571,-1.1039,1
4.0422,-4.391,4.7466,1.137,0
-1.1804,11.5093,0.15565,-6.8194,0
4.1373,0.49248,1.093,1.8276,0
5.4944,1.5478,0.041694,1.9284,0
-2.4365,3.6026,-1.4166,-2.8948,1
0.59823,3.5012,-3.9795,-1.7841,1
1.7317,-0.34765,4.1905,-0.99138,0
3.8117,10.1457,-4.0463,-4.5629,0
-0.062025,6.1975,1.099,-1.131,0
-0.69572,8.6165,1.8419,-4.3289,0
-2.5919,-1.0553,3.8949,0.77757,1
-1.9551,-6.9756,5.5383,-0.12889,1
-4.8861,7.0542,-0.17252,-6.959,1
4.4549,2.4976,1.0313,0.96894,0
-0.048008,-1.6037,8.4756,0.75558,0
-0.89569,3.0025,-3.6067,-3.4457,1
4.2586,11.2962,-4.0943,-4.3457,0
-0.97325,-6.4168,5.6026,1.0323,1
-1.5851,-2.1562,1.7082,0.9017,1
3.1836,7.2321,-1.0713,-2.5909,0
5.591,10.4643,-4.3839,-4.3379,0
-6.1536,7.9295,0.61663,-3.2646,1
-2.4458,1.6285,-0.88541,-1.4802,1
-2.3211,3.166,-1.0002,-2.7151,1
1.0117,0.9022,-2.3506,0.42714,1
-1.3931,1.5664,7.5382,0.78403,0
-0.95923,-6.7128,4.9857,0.32886,1
-3.8167,5.1401,-0.65063,-5.4306,1
2.2429,-4.1427,5.2333,-0.40173,0
-0.77995,3.2322,-3.282,-3.1004,1
-3.6227,3.9958,-0.35845,-3.9047,1
-0.0012852,0.13863,-0.19651,0.0081754,1
3.6181,-3.7454,2.8273,-0.71208,0
2.0153,0.43661,4.5864,-0.3151,0
-0.37013,-5.554,4.7749,1.547,1
4.1962,0.74493,0.83256,0.753,0
