8,12,96,1.500,.427,.875,2.56,41,84,16,1
10,9,90,.900,.222,1.00,1.25,20,90,16,1
10,22,220,2.200,.277,.595,1.74,61,131,35,1
8,240,1920,30.000,.194,.515,1.34,373,988,279,1
8,155,1240,19.375,.452,.882,2.78,561,1094,202,1
8,4,32,.500,.406,1.00,2.17,13,32,6,1
10,58,580,5.800,.081,.224,1.62,47,130,29,1
4,24,96,6.000,.573,.958,2.04,55,92,27,1
9,98,882,10.889,.285,.645,2.06,251,569,122,1
1,131,131,131.00,.977,1.00,64.00,128,131,2,2
14,102,1428,7.286,.356,.709,2.96,509,1013,172,1
7,27,189,3.857,.101,.619,3.80,19,117,5,1
9,219,1971,24.333,.109,.538,1.43,215,1060,150,1
8,102,816,12.750,.403,.929,2.70,329,758,122,1
8,35,280,4.375,.443,.996,2.14,124,279,58,1
5,5,25,1.000,.520,1.00,2.17,13,25,6,1
8,18,144,2.250,.389,.931,2.24,56,134,25,1
7,172,1204,24.571,.294,.967,2.07,354,1164,171,1
6,83,498,13.833,.329,.823,1.58,164,410,104,1
7,33,231,4.714,.364,.753,1.68,84,174,50,1
8,202,1616,25.250,.313,.689,1.83,505,1114,276,1
6,142,852,23.667,.115,.173,6.53,98,147,15,2
8,27,216,3.375,.218,.852,2.24,47,184,21,1
8,7,56,.875,.482,.946,2.70,27,53,10,1
9,180,1620,20.000,.374,.759,2.86,606,1230,212,1
5,11,55,2.200,.309,.836,1.70,17,46,10,1
9,23,207,2.556,.213,.507,1.57,44,105,28,1
10,30,300,3.000,.363,.710,2.42,109,213,45,1
9,248,2232,27.556,.330,.727,2.39,737,1622,308,1
1,106,106,106.00,.858,1.00,15.17,91,106,6,2
8,15,120,1.875,.558,1.00,2.91,67,120,23,1
9,17,153,1.889,.229,.582,1.67,35,89,21,1
6,19,114,3.167,.289,.789,1.38,33,90,24,1
12,117,1404,9.750,.220,.673,1.68,309,945,184,1
1,89,89,89.000,.191,1.00,1.06,17,89,16,1
5,44,220,8.800,.241,.791,2.52,53,174,21,1
10,52,520,5.200,.269,.850,2.00,140,442,70,1
9,36,324,4.000,.568,.932,3.02,184,302,61,1
7,11,77,1.571,.312,.844,1.33,24,65,18,1
27,106,2862,3.926,.261,.478,5.45,747,1368,137,1
9,41,369,4.556,.263,.743,1.41,97,274,69,1
8,14,112,1.750,.420,.759,2.04,47,85,23,1
14,435,6090,31.071,.355,.571,4.58,2164,3478,472,1
7,162,1134,23.143,.096,.235,1.49,109,266,73,1
6,40,240,6.667,.221,.983,1.26,53,236,42,1
8,45,360,5.625,.156,.725,1.87,56,261,30,1
8,24,192,3.000,.318,.688,2.65,61,132,23,1
8,19,152,2.375,.382,.724,1.93,58,110,30,1
8,12,96,1.500,.458,.865,2.10,44,83,21,1
9,35,315,3.889,.273,.654,1.65,86,206,52,1
10,19,190,1.900,.611,.900,8.29,116,171,14,1
9,29,261,3.222,.234,.709,1.30,61,185,47,1
9,191,1719,21.222,.328,.747,2.14,564,1284,264,1
10,197,1970,19.700,.245,.751,1.87,482,1479,258,1
11,213,2343,19.364,.264,.698,1.95,619,1635,317,1
9,7,63,.778,.302,.603,1.90,19,38,10,1
10,126,1260,12.600,.425,.862,2.68,536,1086,200,1
23,198,4554,8.609,.924,.999,14.93,4210,4548,282,1
7,8,56,1.143,.482,1.00,2.25,27,56,12,1
9,21,189,2.333,.365,.820,2.88,69,155,24,1
6,27,162,4.500,.154,.481,2.78,25,78,9,1
10,63,630,6.300,.184,.617,1.40,116,389,83,1
7,13,91,1.857,.363,.934,2.20,33,85,15,1
10,39,390,3.900,.344,.590,2.79,134,230,48,1
3,4,12,1.333,.917,.917,11.00,11,11,1,1
10,9,90,.900,.689,.789,10.33,62,71,6,1
8,8,64,1.000,.516,1.00,2.36,33,64,14,1
6,96,576,16.000,.260,.856,1.53,150,493,98,1
11,243,2673,22.091,.117,.342,1.41,314,914,223,1
7,70,490,10.000,.371,.971,1.90,182,476,96,1
10,40,400,4.000,.295,.680,1.90,118,272,62,1
7,15,105,2.143,.400,.752,1.83,42,79,23,1
12,1,12,.083,1.00,1.00,12.00,12,12,1,4
6,94,564,15.667,.184,.934,1.32,104,527,79,1
3,3,9,1.000,.778,.778,7.00,7,7,1,1
53,48,2544,.906,.157,.269,7.84,400,685,51,5
7,10,70,1.429,.386,.914,2.08,27,64,13,1
6,32,192,5.333,.286,.760,1.41,55,146,39,1
8,14,112,1.750,.482,.679,3.00,54,76,18,1
98,3,294,.031,.480,.486,141.00,141,143,1,4
24,96,2304,4.000,.208,.504,3.18,480,1161,151,1
9,14,126,1.556,.278,1.00,2.06,35,126,17,1
7,35,245,5.000,.494,.902,2.57,121,221,47,1
9,102,918,11.333,.214,.708,1.30,196,650,151,1
1,23,23,23.000,.348,1.00,1.60,8,23,5,2
9,274,2466,30.444,.158,.580,1.31,390,1431,298,1
9,34,306,3.778,.363,.863,1.76,111,264,63,1
1,29,29,29.000,.310,1.00,1.13,9,29,8,1
8,26,208,3.250,.399,.976,1.93,83,203,43,1
6,13,78,2.167,.256,.974,1.54,20,76,13,1
7,14,98,2.000,.316,.847,1.48,31,83,21,1
7,9,63,1.286,.381,.952,1.85,24,60,13,1
9,10,90,1.111,.389,.889,1.94,35,80,18,1
7,11,77,1.571,.416,.961,1.60,32,74,20,1
8,36,288,4.500,.299,.531,2.21,86,153,39,1
10,54,540,5.400,.306,.689,1.94,165,372,85,1
11,302,3322,27.455,.379,.804,2.81,1260,2670,448,1
4,11,44,2.750,.159,.932,1.75,7,41,4,5
9,39,351,4.333,.444,.923,2.74,156,324,57,1
16,427,6832,26.688,.400,.632,5.56,2736,4316,492,1
10,49,490,4.900,.529,.939,3.01,259,460,86,1
1,109,109,109.00,.183,1.00,1.05,20,109,19,1
5,203,1015,40.600,.239,.859,1.30,243,872,187,1
10,262,2620,26.200,.290,.826,1.76,761,2163,432,1
10,46,460,4.600,.300,.604,2.09,138,278,66,1
8,21,168,2.625,.232,.643,1.30,39,108,30,1
2,63,126,31.500,.341,.508,10.75,43,64,4,2
9,114,1026,12.667,.272,.741,1.86,279,760,150,1
8,25,200,3.125,.380,.795,1.81,76,159,42,1
7,4,28,.571,.321,1.00,3.00,9,28,3,1
6,7,42,1.167,.357,.548,7.50,15,23,2,1
1,20,20,20.000,.550,1.00,1.38,11,20,8,2
8,64,512,8.000,.301,.857,1.93,154,439,80,1
5,3,15,.600,.533,.733,8.00,8,11,1,1
9,21,189,2.333,.175,.513,1.65,33,97,20,1
8,9,72,1.125,.375,.681,1.69,27,49,16,1
1,7,7,7.000,1.00,1.00,7.00,7,7,1,2
7,55,385,7.857,.374,.821,2.09,144,316,69,1
8,186,1488,23.250,.399,.812,2.53,593,1208,234,1
17,106,1802,6.235,.927,1.00,14.53,1671,1802,115,1
25,494,12350,19.760,.462,.930,7.35,5707,11482,776,1
9,306,2754,34.000,.192,.751,1.40,530,2069,378,1
9,21,189,2.333,.529,.958,3.33,100,181,30,1
8,15,120,1.875,.458,.950,2.20,55,114,25,1
9,32,288,3.556,.299,.691,2.10,86,199,41,1
5,81,405,16.200,.311,.968,1.30,126,392,97,1
16,1,16,.063,1.00,1.00,16.00,16,16,1,4
9,490,4410,54.444,.067,.323,1.40,297,1425,212,1
7,14,98,2.000,.337,.990,1.65,33,97,20,1
9,175,1575,19.444,.190,.568,1.35,299,894,221,1
8,24,192,3.000,.417,.953,1.90,80,183,42,1
8,69,552,8.625,.279,.687,1.50,154,379,103,1
8,309,2472,38.625,.186,.644,1.41,459,1593,325,1
8,150,1200,18.750,.158,.594,1.23,189,713,154,1
15,11,165,.733,.503,.685,10.38,83,113,8,1
7,15,105,2.143,.324,.762,3.09,34,80,11,1
8,40,320,5.000,.363,.806,1.68,116,258,69,1
7,31,217,4.429,.286,.673,1.55,62,146,40,1
9,12,108,1.333,.426,1.00,1.64,46,108,28,1
8,26,208,3.250,.264,.620,1.45,55,129,38,1
25,300,7500,12.000,.065,.071,40.33,484,531,12,2
7,29,203,4.143,.365,.946,2.00,74,192,37,1
7,173,1211,24.714,.207,.860,1.34,251,1042,187,1
7,46,322,6.571,.177,.304,8.14,57,98,7,2
8,8,64,1.000,.234,.953,2.50,15,61,6,1
1,86,86,86.000,.930,1.00,40.00,80,86,2,2
7,243,1701,34.714,.219,.528,1.62,372,898,230,1
2,446,892,223.00,.439,.603,17.82,392,538,22,2
9,272,2448,30.222,.277,.670,1.86,679,1640,365,1
13,5,65,.385,.123,.538,8.00,8,35,1,5
7,14,98,2.000,.347,.949,1.79,34,93,19,1
9,534,4806,59.333,.134,.503,1.34,644,2419,482,1
5,9,45,1.800,.178,.533,1.60,8,24,5,5
10,7,70,.700,.329,.986,1.77,23,69,13,1
10,94,940,9.400,.286,1.00,1.78,269,940,151,1
5,95,475,19.000,.255,.787,1.73,121,374,70,1
9,37,333,4.111,.526,.898,3.18,175,299,55,1
5,27,135,5.400,.267,.622,1.71,36,84,21,1
11,32,352,2.909,.332,.815,1.86,117,287,63,1
1,67,67,67.000,.985,1.00,66.00,66,67,1,2
7,19,133,2.714,.331,.767,1.42,44,102,31,1
8,31,248,3.875,.298,.871,1.45,74,216,51,1
5,15,75,3.000,.093,.347,1.40,7,26,5,1
8,6,48,.750,.313,.813,1.88,15,39,8,1
7,38,266,5.429,.226,.639,1.40,60,170,43,1
12,167,2004,13.917,.225,.752,1.93,451,1507,234,1
10,53,530,5.300,.294,.908,1.75,156,481,89,1
8,8,64,1.000,.344,.922,1.83,22,59,12,1
5,31,155,6.200,.239,.974,2.06,37,151,18,1
7,111,777,15.857,.254,.883,1.50,197,686,131,1
11,77,847,7.000,.345,.874,2.43,292,740,120,1
1,34,34,34.000,.353,1.00,1.71,12,34,7,2
8,14,112,1.750,.339,.884,1.73,38,99,22,1
5,6,30,1.200,.433,1.00,1.63,13,30,8,1
8,13,104,1.625,.471,1.00,1.81,49,104,27,1
11,21,231,1.909,.316,.580,4.29,73,134,17,1
7,29,203,4.143,.281,.842,1.46,57,171,39,1
7,9,63,1.286,.349,.889,2.20,22,56,10,1
7,66,462,9.429,.294,.924,1.46,136,427,93,1
8,7,56,.875,.518,1.00,2.64,29,56,11,1
19,12,228,.632,.303,.439,7.67,69,100,9,1
1,19,19,19.000,.737,1.00,4.67,14,19,3,2
9,1,9,.111,1.00,1.00,9.00,9,9,1,4
11,20,220,1.818,.223,.373,2.58,49,82,19,1
9,492,4428,54.667,.132,.541,1.22,583,2397,476,1
6,11,66,1.833,.364,.833,1.60,24,55,15,1
11,102,1122,9.273,.223,.768,1.53,250,862,163,1
9,174,1566,19.333,.150,.738,1.22,235,1156,193,1
5,46,230,9.200,.278,.835,2.21,64,192,29,1
11,43,473,3.909,.281,.774,2.18,133,366,61,1
9,108,972,12.000,.364,.794,2.15,354,772,165,1
10,27,270,2.700,.367,.830,1.87,99,224,53,1
10,23,230,2.300,.317,.891,2.35,73,205,31,1
7,11,77,1.571,.377,.961,1.45,29,74,20,1
7,37,259,5.286,.521,.954,3.14,135,247,43,1
11,45,495,4.091,.267,.733,2.00,132,363,66,1
6,6,36,1.000,.417,.944,1.50,15,34,10,1
1,25,25,25.000,1.00,1.00,25.00,25,25,1,4
11,44,484,4.000,.314,.750,1.92,152,363,79,1
16,106,1696,6.625,.192,.593,1.49,325,1005,218,1
1,44,44,44.000,.250,1.00,2.20,11,44,5,2
10,52,520,5.200,.319,.802,1.87,166,417,89,1
8,19,152,2.375,.184,.849,1.47,28,129,19,1
8,12,96,1.500,.375,.792,2.57,36,76,14,1
21,106,2226,5.048,.136,.396,1.99,302,881,152,1
10,19,190,1.900,.584,.816,6.94,111,155,16,1
6,58,348,9.667,.276,.744,1.17,96,259,82,1
7,27,189,3.857,.286,1.00,1.32,54,189,41,1
8,52,416,6.500,.450,.921,2.88,187,383,65,1
1,15,15,15.000,.867,1.00,13.00,13,15,1,2
11,100,1100,9.091,.269,.765,1.90,296,842,156,1
11,42,462,3.818,.292,.760,1.93,135,351,70,1
8,12,96,1.500,.438,.927,2.10,42,89,20,1
1,88,88,88.000,.193,1.00,1.00,17,88,17,1
9,12,108,1.333,.491,.889,2.41,53,96,22,1
9,1,9,.111,1.00,1.00,9.00,9,9,1,4
10,58,580,5.800,.402,.893,2.81,233,518,83,1
7,8,56,1.143,.286,.732,1.78,16,41,9,1
7,7,49,1.000,.306,.898,1.36,15,44,11,1
5,38,190,7.600,.426,.989,1.42,81,188,57,1
11,71,781,6.455,.690,.950,7.00,539,742,77,1
7,41,287,5.857,.355,.857,1.85,102,246,55,1
9,130,1170,14.444,.448,.877,2.63,524,1026,199,1
14,321,4494,22.929,.361,.595,4.71,1624,2675,345,1
8,9,72,1.125,.361,.903,1.63,26,65,16,1
9,34,306,3.778,.337,.817,1.81,103,250,57,1
6,100,600,16.667,.385,.828,1.72,231,497,134,1
9,137,1233,15.222,.235,.693,1.70,290,854,171,1
22,72,1584,3.273,.520,.856,10.04,823,1356,82,1
7,21,147,3.000,.259,.837,1.46,38,123,26,1
7,43,301,6.143,.249,.807,1.29,75,243,58,1
9,508,4572,56.444,.160,.520,1.30,732,2379,563,1
6,25,150,4.167,.313,1.00,1.38,47,150,34,1
6,11,66,1.833,.197,.848,1.30,13,56,10,1
187,137,25619,.733,.899,.991,29.29,23025,25400,786,3
8,46,368,5.750,.285,.791,1.42,105,291,74,1
9,86,774,9.556,.394,.705,2.85,305,546,107,1
7,45,315,6.429,.483,.984,2.45,152,310,62,1
9,102,918,11.333,.193,.768,1.29,177,705,137,1
9,45,405,5.000,.442,.956,3.31,179,387,54,1
9,91,819,10.111,.206,.731,1.37,169,599,123,1
9,89,801,9.889,.300,.559,2.18,240,448,110,1
1,36,36,36.000,.222,1.00,1.14,8,36,7,1
1,30,30,30.000,.400,1.00,2.40,12,30,5,2
8,126,1008,15.750,.188,.685,1.27,189,690,149,1
7,25,175,3.571,.349,.737,2.26,61,129,27,1
7,239,1673,34.143,.160,.476,1.51,268,797,177,1
11,57,627,5.182,.295,.719,2.47,185,451,75,1
8,9,72,1.125,.361,.972,1.73,26,70,15,1
9,23,207,2.556,.300,1.00,1.51,62,207,41,1
10,120,1200,12.000,.279,.765,1.70,335,918,197,1
7,63,441,9.000,.288,.991,1.61,127,437,79,1
2,100,200,50.000,.460,.505,11.50,92,101,8,2
7,20,140,2.857,.436,.736,2.35,61,103,26,1
7,16,112,2.286,.250,.527,2.00,28,59,14,1
4,2,8,.500,1.00,1.00,8.00,8,8,1,4
5,116,580,23.200,.376,.784,2.18,218,455,100,1
17,24,408,1.412,.426,.792,4.46,174,323,39,1
10,54,540,5.400,.378,.622,3.14,204,336,65,1
7,16,112,2.286,.464,.884,3.25,52,99,16,1
11,184,2024,16.727,.455,.760,4.72,920,1539,195,1
5,110,550,22.000,.547,.556,100.33,301,306,3,2
8,28,224,3.500,.397,.996,2.07,89,223,43,1
1,13,13,13.000,1.00,1.00,13.00,13,13,1,2
7,11,77,1.571,.299,1.00,1.21,23,77,19,1
14,201,2814,14.357,.373,.641,4.84,1050,1804,217,1
9,53,477,5.889,.252,.677,1.54,120,323,78,1
9,20,180,2.222,.361,.700,2.32,65,126,28,1
11,22,242,2.000,.603,.810,8.59,146,196,17,1
5,2,10,.400,.900,.900,9.00,9,9,1,4
22,71,1562,3.227,.499,.836,10.99,780,1306,71,1
4,9,36,2.250,.611,.611,22.00,22,22,1,2
10,122,1220,12.200,.294,.689,2.10,359,840,171,1
8,5,40,.625,.350,.600,3.50,14,24,4,1
7,38,266,5.429,.410,.910,1.82,109,242,60,1
9,186,1674,20.667,.425,.786,3.24,712,1315,220,1
10,34,340,3.400,.421,.906,2.01,143,308,71,1
12,175,2100,14.583,.403,.774,4.28,847,1625,198,1
11,30,330,2.727,.467,.824,4.16,154,272,37,1
12,14,168,1.167,.357,.958,2.31,60,161,26,1
12,311,3732,25.917,.195,.781,1.64,727,2914,443,1
7,2,14,.286,.857,.857,12.00,12,12,1,1
8,18,144,2.250,.424,.889,2.03,61,128,30,1
8,82,656,10.250,.393,.764,2.41,258,501,107,1
8,43,344,5.375,.349,.814,2.26,120,280,53,1
804,11,8844,.014,.191,.233,15.64,1689,2058,108,4
9,33,297,3.667,.347,.929,2.58,103,276,40,1
7,54,378,7.714,.254,.608,1.39,96,230,69,1
1,124,124,124.00,.444,1.00,7.86,55,124,7,2
8,36,288,4.500,.559,.944,3.04,161,272,53,1
10,20,200,2.000,.435,.890,2.90,87,178,30,1
9,92,828,10.222,.240,.641,1.54,199,531,129,1
6,11,66,1.833,.364,.955,1.33,24,63,18,1
1,23,23,23.000,.826,1.00,19.00,19,23,1,2
7,38,266,5.429,.338,.729,1.55,90,194,58,1
3,304,912,101.33,.555,.686,42.17,506,626,12,2
17,342,5814,20.118,.916,.996,30.27,5328,5790,176,2
8,37,296,4.625,.392,.753,1.93,116,223,60,1
1,40,40,40.000,.900,1.00,12.00,36,40,3,1
7,14,98,2.000,.255,.735,1.56,25,72,16,1
