C,0,line,14,0,7,5,8.60,31.30
F,1,line,0,16,1,38,22.02,51.66
C,0,line,17,0,0,8,18.79,29.41
P,1,line,0,36,2,45,9.22,45.89
P,5,line,24,20,0,6,27.78,67.54
G,4,line,14,0,16,10,10.20,33.29
A,3,line,0,24,2,48,24.08,58.82
G,5,line,12,6,8,6,4.00,25.06
G,0,line,32,0,11,12,24.19,56.61
A,4,line,26,11,14,31,23.32,40.46
H,4,line,13,6,14,14,8.06,34.01
A,2,line,0,24,12,8,20.00,33.24
F,3,line,2,44,36,43,34.01,56.85
H,4,line,14,7,16,17,10.20,34.00
E,3,line,0,30,10,30,10.00,40.36
R,1,line,0,24,0,44,20.00,48.75
E,0,line,0,0,0,16,16.00,47.71
C,1,line,8,5,0,10,9.43,35.78
D,4,line,10,5,0,0,11.18,25.00
R,3,line,15,30,25,21,13.45,43.01
H,1,line,22,0,23,21,21.02,41.88
A,1,line,25,0,27,9,9.22,37.48
R,6,line,0,6,16,0,17.09,41.63
D,0,line,0,0,2,39,39.05,43.83
D,3,line,16,21,16,10,11.00,36.67
D,0,line,0,0,0,24,24.00,33.24
G,0,line,7,0,3,2,4.47,16.64
H,1,line,25,0,27,7,7.28,41.04
F,2,line,0,20,16,22,16.12,52.20
G,5,line,12,0,13,11,11.05,27.29
R,4,line,30,23,0,12,31.95,52.43
E,3,line,0,26,7,26,7.00,31.06
A,5,line,2,27,9,22,8.60,28.46
P,4,line,24,37,24,27,10.00,50.12
P,3,line,24,48,29,35,13.93,67.54
G,0,line,7,0,0,5,8.60,18.36
P,2,line,1,57,21,43,24.41,60.75
C,0,line,16,0,4,7,13.89,32.25
R,3,line,11,37,13,33,4.47,43.01
E,1,line,0,6,1,24,18.03,34.71
H,0,line,0,0,0,16,16.00,42.20
D,2,line,17,14,17,7,7.00,26.25
C,3,line,12,21,27,28,16.55,38.90
A,1,line,21,0,22,15,15.03,40.22
A,0,line,0,0,0,14,14.00,33.24
F,0,line,0,0,0,8,8.00,31.30
L,1,line,0,15,2,33,18.11,35.11
E,3,line,2,30,28,30,26.00,42.52
L,1,line,0,12,2,18,6.32,22.80
D,4,line,14,8,0,0,16.12,36.67
E,4,line,0,0,32,0,32.00,48.92
F,0,line,0,0,0,20,20.00,35.47
A,3,line,0,15,1,23,8.06,25.50
R,1,line,2,36,2,56,20.00,61.74
D,2,line,14,24,16,16,8.25,34.89
L,2,line,0,0,16,2,16.12,40.31
R,1,line,2,29,2,42,13.00,43.97
H,0,line,0,0,0,16,16.00,37.85
A,3,line,0,19,2,37,18.11,38.83
R,3,line,24,52,27,37,15.30,68.54
P,6,line,8,22,0,16,10.00,49.98
P,0,line,0,0,0,29,29.00,56.08
A,4,line,20,15,20,40,25.00,53.85
E,4,line,0,0,35,-2,35.06,51.66
F,2,line,0,17,28,17,28.00,47.63
G,3,line,1,15,10,20,10.30,23.85
L,2,line,0,0,25,2,25.08,38.29
L,1,line,0,16,2,39,23.09,45.28
A,0,line,0,0,0,11,11.00,40.46
P,3,line,8,45,17,39,10.82,49.98
H,1,line,12,0,12,14,14.00,29.07
A,5,line,1,32,22,31,21.02,38.83
L,1,line,0,10,2,19,9.22,19.92
E,1,line,0,22,0,47,25.00,54.20
D,0,line,0,0,0,37,37.00,41.15
C,0,line,26,0,0,12,28.64,44.41
H,2,line,0,11,16,6,16.76,35.36
F,0,line,0,0,0,20,20.00,34.71
R,7,line,0,19,4,0,19.42,34.18
F,2,line,0,7,7,5,7.28,29.21
R,2,line,0,60,13,55,13.93,62.94
E,2,line,0,12,29,11,29.02,47.01
G,1,line,7,5,0,10,8.60,31.30
R,2,line,1,46,4,46,3.00,46.69
F,2,line,0,20,25,20,25.00,46.86
R,1,line,1,29,1,54,25.00,61.29
R,1,line,0,29,0,40,11.00,45.18
A,0,line,0,0,0,24,24.00,52.39
D,4,line,14,8,0,0,16.12,33.54
D,3,line,23,16,23,8,8.00,33.97
P,0,line,0,0,0,34,34.00,42.95
C,1,line,0,7,0,14,7.00,27.59
G,4,line,11,8,7,8,4.00,17.80
H,1,line,25,0,26,8,8.06,46.87
R,1,line,1,20,1,33,13.00,43.93
P,2,line,1,63,24,48,27.46,69.35
P,5,line,10,23,0,17,11.66,38.63
G,3,line,0,9,3,11,3.61,16.64
R,5,line,0,6,18,0,18.97,45.69
A,0,line,0,0,0,19,19.00,37.66
H,2,line,0,9,23,6,23.19,34.71
E,0,line,0,0,0,14,14.00,45.28
G,4,line,19,7,12,7,7.00,24.84
R,5,line,24,18,23,12,6.08,47.51
G,4,line,32,0,30,9,9.22,56.61
E,0,line,0,0,0,13,13.00,41.77
D,4,line,10,6,0,0,11.66,32.56
F,3,line,1,31,8,32,7.07,34.93
H,1,line,7,0,8,7,7.07,31.62
C,0,line,18,0,2,9,18.36,40.25
H,4,line,14,22,14,28,6.00,34.01
L,1,line,0,19,0,43,24.00,49.74
F,0,line,0,0,0,8,8.00,22.80
G,2,line,0,10,13,14,13.60,19.80
P,3,line,29,45,37,37,11.31,61.40
P,1,line,0,38,2,57,19.10,62.24
P,4,line,14,20,0,9,17.80,42.38
R,4,line,38,35,38,21,14.00,60.44
P,4,line,19,31,19,18,13.00,46.10
E,0,line,0,0,0,24,24.00,49.68
R,0,line,0,0,0,30,30.00,43.46
E,3,line,2,46,35,48,33.06,59.41
D,3,line,16,16,16,8,8.00,28.02
P,5,line,27,23,26,15,8.06,57.71
D,4,line,14,6,0,0,15.23,32.20
D,3,line,10,7,0,0,12.21,24.17
G,2,line,0,10,0,19,9.00,31.30
R,1,line,0,23,0,35,12.00,40.31
E,4,line,0,0,8,1,8.06,28.23
R,5,line,0,14,12,0,18.44,40.31
E,0,line,0,0,0,13,13.00,29.83
G,1,line,34,8,0,16,34.93,69.31
H,4,line,26,10,26,29,19.00,38.95
G,2,line,0,4,0,8,4.00,16.97
H,4,line,25,8,24,26,18.03,36.07
C,3,line,0,21,8,26,9.43,35.78
G,3,line,29,0,29,7,7.00,51.61
P,2,line,1,36,4,36,3.00,36.88
R,1,line,1,30,1,43,13.00,47.01
P,2,line,0,47,33,34,35.47,57.43
E,3,line,1,30,14,28,13.15,39.70
C,0,line,30,0,15,5,15.81,43.86
C,1,line,2,8,0,16,8.25,35.78
P,2,line,2,48,8,46,6.32,50.92
R,1,line,2,30,2,43,13.00,52.43
R,0,line,0,0,0,27,27.00,39.66
L,0,line,0,0,0,18,18.00,30.36
G,2,line,0,25,14,37,18.44,62.20
H,4,line,7,10,8,16,6.08,24.35
D,1,line,1,30,18,24,18.03,39.70
E,4,line,0,0,13,0,13.00,41.77
A,4,line,15,16,2,35,23.02,38.08
R,6,line,12,27,0,23,12.65,49.73
P,5,line,19,27,17,22,5.39,48.85
P,2,line,1,42,6,42,5.00,43.42
G,3,line,19,0,18,9,9.06,48.33
A,3,line,0,17,2,37,20.10,53.34
A,5,line,1,29,23,33,22.36,40.22
P,2,line,2,49,12,45,10.77,54.13
R,4,line,12,26,0,17,15.00,43.68
P,1,line,0,21,0,28,7.00,29.12
G,3,line,11,35,32,46,23.71,56.61
H,4,line,15,19,14,27,8.06,43.66
D,1,line,2,25,19,16,19.24,31.40
F,2,line,0,12,10,12,10.00,26.25
R,2,line,1,41,23,37,22.36,47.51
P,2,line,1,51,26,46,25.50,57.71
R,0,line,0,0,1,30,30.02,47.01
E,0,line,0,0,0,8,8.00,27.02
L,0,line,0,0,0,22,22.00,43.66
L,2,line,0,0,20,1,20.02,32.80
D,2,line,12,21,14,14,7.28,32.20
C,1,line,1,8,0,16,8.06,35.78
G,0,line,17,0,13,3,5.00,26.91
A,2,line,0,12,14,12,14.00,30.41
D,1,line,0,24,10,18,11.66,27.29
R,3,line,10,34,12,28,6.32,39.85
A,2,line,0,20,21,14,21.84,49.66
R,4,line,12,28,12,23,5.00,34.18
C,4,line,2,19,20,22,18.25,29.73
H,2,line,0,14,22,12,22.09,34.71
H,1,line,16,0,16,16,16.00,44.78
E,4,line,0,0,8,0,8.00,29.21
C,3,line,0,27,5,34,8.60,44.72
E,2,line,0,20,14,18,14.14,34.01
D,3,line,18,24,18,12,12.00,40.25
R,7,line,0,23,11,0,25.50,49.73
G,3,line,0,33,2,41,8.25,56.82
R,0,line,0,0,2,32,32.06,45.31
P,3,line,16,42,29,35,14.76,56.08
E,4,line,0,0,7,-2,7.28,26.63
D,2,line,34,26,34,13,13.00,51.74
R,5,line,8,38,4,35,5.00,46.69
L,0,line,0,0,0,9,9.00,27.78
R,5,line,14,14,0,6,16.12,40.50
F,1,line,0,8,2,25,17.12,32.80
G,5,line,30,7,26,7,4.00,53.25
D,3,line,13,16,13,8,8.00,27.29
P,2,line,0,53,21,42,23.71,58.60
H,0,line,0,0,0,9,9.00,41.04
C,1,line,8,5,0,10,9.43,35.78
R,1,line,0,22,0,32,10.00,32.98
G,4,line,2,14,8,16,6.32,17.89
C,0,line,14,0,7,5,8.60,31.30
A,5,line,0,25,10,32,12.21,33.53
P,1,line,0,38,0,59,21.00,64.47
H,3,line,0,13,1,26,13.04,34.71
G,0,line,17,0,0,8,18.79,30.61
P,4,line,19,37,19,24,13.00,51.62
H,0,line,0,0,0,11,11.00,35.36
R,4,line,13,39,10,32,7.62,51.66
G,1,line,7,3,0,6,7.62,20.00
P,0,line,0,0,0,22,22.00,31.62
F,3,line,2,22,10,24,8.25,26.00
H,0,line,0,0,0,9,9.00,39.20
F,1,line,0,6,1,29,23.02,33.24
A,2,line,0,10,17,14,17.46,33.62
H,1,line,22,0,22,24,24.00,47.41
H,2,line,0,10,19,6,19.42,29.00
P,0,line,0,0,0,25,25.00,56.04
F,3,line,1,18,17,18,16.00,24.76
G,0,line,17,0,4,6,14.32,38.47
C,2,line,0,16,10,24,12.81,26.00
A,2,line,0,25,10,11,17.20,55.90
G,4,line,18,8,13,8,5.00,43.86
P,0,line,0,0,0,31,31.00,52.81
G,1,line,8,8,0,16,11.31,59.91
G,5,line,18,8,15,8,3.00,31.62
P,1,line,0,26,0,39,13.00,40.26
H,1,line,16,0,17,15,15.03,41.63
R,3,line,19,43,21,36,7.28,52.39
R,3,line,17,32,17,19,13.00,44.38
D,0,line,0,0,0,26,26.00,34.71
E,4,line,0,0,15,0,15.00,41.73
A,4,line,17,12,17,18,6.00,42.54
A,4,line,6,7,7,24,17.03,25.00
H,0,line,0,0,0,14,14.00,33.62
E,4,line,0,0,31,2,31.06,53.01
C,1,line,0,9,0,18,9.00,30.46
D,1,line,0,24,23,16,24.35,33.24
H,3,line,0,19,0,30,11.00,31.62
G,4,line,26,0,26,11,11.00,45.61
F,3,line,1,38,35,37,34.01,51.66
P,4,line,26,25,20,16,10.82,50.25
L,2,line,0,0,15,1,15.03,37.16
E,4,line,0,0,9,0,9.00,33.29
D,0,line,0,0,0,22,22.00,24.60
F,0,line,0,0,0,20,20.00,52.20
P,2,line,0,39,10,37,10.20,43.38
P,0,line,0,0,0,36,36.00,56.08
E,3,line,0,37,21,35,21.10,46.40
R,6,line,0,6,21,0,21.84,52.80
C,2,line,0,18,2,27,9.22,40.25
P,1,line,0,27,2,40,13.15,42.38
L,2,line,0,0,9,0,9.00,30.36
H,1,line,9,0,11,13,13.15,37.64
D,0,line,0,0,0,24,24.00,28.84
C,2,line,0,12,0,24,12.00,42.19
L,1,line,0,11,2,22,11.18,26.63
R,3,line,26,31,29,26,5.83,44.69
F,0,line,0,0,0,9,9.00,46.67
F,0,line,0,0,0,19,19.00,48.84
F,1,line,0,14,0,24,10.00,30.61
H,2,line,0,20,19,12,20.62,41.68
A,5,line,2,39,17,18,25.81,42.54
G,2,line,0,28,17,42,22.02,46.10
R,2,line,2,52,17,47,15.81,56.08
E,4,line,0,0,8,-2,8.25,28.60
D,4,line,14,10,7,5,8.60,30.41
C,1,line,0,11,0,22,11.00,34.93
C,1,line,5,8,0,16,9.43,37.22
C,2,line,0,14,2,21,7.28,31.30
P,1,line,0,32,1,57,25.02,60.75
F,2,line,0,25,15,24,15.03,53.25
C,2,line,0,16,22,24,23.41,32.56
P,2,line,1,48,12,42,12.53,49.48
L,0,line,0,0,0,20,20.00,45.80
F,0,line,0,0,0,6,6.00,24.76
F,3,line,2,27,23,25,21.10,35.47
R,4,line,26,33,26,24,9.00,47.71
H,4,line,18,7,18,32,25.00,43.86
F,2,line,0,14,7,14,7.00,24.17
E,4,line,0,0,14,-1,14.04,47.01
A,5,line,2,27,19,41,22.02,45.19
C,2,line,0,24,16,36,20.00,39.40
P,1,line,0,24,2,49,25.08,61.40
E,2,line,0,11,21,13,21.10,39.82
R,6,line,7,26,0,21,8.60,52.77
G,3,line,0,15,6,19,7.21,25.06
D,1,line,0,28,7,24,8.06,31.30
P,2,line,1,49,20,43,19.92,53.71
R,0,line,0,0,1,25,25.02,43.01
F,0,line,0,0,0,25,25.00,45.65
F,0,line,0,0,0,13,13.00,26.63
P,0,line,0,0,0,35,35.00,50.99
P,2,line,1,52,34,43,34.21,62.13
F,0,line,0,0,0,8,8.00,32.80
P,2,line,0,59,26,53,26.68,68.60
L,2,line,0,0,9,1,9.06,33.24
R,1,line,2,25,2,37,12.00,40.31
