@ATTRIBUTES
top-left-square: x,o,b
top-middle-square: x,o,b
top-right-square: x,o,b
middle-left-square: x,o,b
middle-middle-square: x,o,b
middle-right-square: x,o,b
bottom-left-square: x,o,b
bottom-middle-square: x,o,b
bottom-right-square: x,o,b

Input: C,C,C,C,C,C,C,C,C
Output: positive,negative

@DATA
1 1 2 3 2 1 3 3 3 1
2 1 1 2 3 2 1 2 2 1
2 1 3 3 3 1 1 2 2 2
1 2 2 1 3 1 3 1 2 1
1 2 1 3 2 1 1 3 1 2
1 2 1 3 2 3 2 1 1 1
1 3 3 3 2 2 3 1 1 1
1 3 2 3 3 2 3 1 1 1
1 1 2 2 1 1 3 3 2 1
2 2 3 1 2 1 1 2 1 2
2 2 3 2 1 2 1 1 1 2
2 2 1 1 2 2 1 2 1 3
2 1 3 1 2 2 2 1 2 1
1 1 2 2 3 1 2 1 3 1
1 1 2 3 2 1 3 1 2 1
1 1 1 1 2 1 2 3 2 3
2 2 2 2 3 1 1 1 2 1
2 3 1 3 1 1 3 2 2 2
2 3 1 3 2 2 2 3 1 1
1 2 3 2 1 1 1 3 1 2
2 1 1 2 2 1 1 1 2 2
1 1 1 1 2 1 2 1 2 2
1 2 2 1 1 1 1 1 2 2
2 1 2 3 1 2 3 3 2 1
2 2 1 3 3 2 1 1 3 2
1 1 3 2 1 3 2 1 3 3
1 2 1 1 2 1 3 3 1 2
1 3 3 2 1 1 1 2 1 2
1 3 2 2 1 1 1 2 1 3
2 3 1 1 2 2 2 1 3 3
1 1 1 1 3 2 3 2 2 1
1 2 3 1 1 3 1 2 2 1
2 3 3 2 1 2 1 2 1 3
2 1 2 1 2 2 2 3 1 1
2 1 1 2 1 1 2 2 3 2
2 2 3 1 2 2 1 1 1 2
2 1 2 2 2 1 1 1 1 2
2 3 1 1 2 2 2 2 1 1
2 1 1 2 3 2 2 2 1 1
2 2 2 2 1 3 3 3 1 1
1 3 2 1 2 3 1 2 1 1
1 1 2 3 1 1 1 2 2 3
2 1 2 1 2 2 2 1 1 3
1 2 2 1 3 1 3 1 1 2
2 2 2 3 2 1 1 2 1 1
1 2 1 3 3 2 2 1 1 1
1 1 1 2 2 1 3 3 1 2
1 3 2 3 1 1 1 2 2 1
2 3 1 2 1 2 1 2 2 1
2 1 2 1 2 2 3 1 2 1
1 1 2 2 1 1 3 1 3 2
1 3 1 3 2 1 1 2 1 2
1 1 2 2 1 1 1 2 1 2
2 2 1 3 1 2 3 1 3 2
2 2 1 1 1 2 3 1 2 2
1 3 1 1 3 1 2 1 2 2
2 3 3 2 1 1 2 3 1 2
1 2 1 3 3 1 2 2 1 1
1 1 3 1 1 3 2 1 2 2
2 1 2 1 1 2 3 2 2 1
2 2 1 3 2 2 1 2 1 1
1 3 3 2 3 3 2 1 1 1
2 1 1 2 1 1 3 2 2 2
1 1 1 1 2 2 1 3 2 3
1 1 2 1 2 1 2 1 1 2
2 1 1 2 3 2 1 2 3 3
2 2 3 1 1 2 3 3 1 2
1 2 2 1 3 2 1 3 1 1
1 1 1 3 3 1 2 2 1 2
1 1 1 2 2 1 2 1 2 1
1 1 1 1 2 3 2 2 3 1
1 3 1 3 2 1 3 2 1 3
1 3 1 1 2 1 2 1 2 3
1 2 2 1 3 1 2 1 3 1
2 2 1 1 2 1 3 2 2 1
1 2 1 1 2 1 3 1 3 2
1 3 1 2 1 1 2 2 1 3
2 1 1 2 2 2 3 2 1 1
1 2 2 1 2 3 1 1 3 1
1 1 1 1 3 2 3 1 2 2
1 3 2 2 1 1 1 3 2 1
1 1 2 3 1 2 3 1 3 3
1 1 3 1 2 2 1 3 2 1
2 1 3 1 2 2 2 3 3 1
1 1 3 2 2 1 2 3 1 1
1 1 2 2 2 1 3 1 3 1
2 2 3 3 1 2 1 1 3 2
1 1 3 3 3 1 3 2 2 1
2 1 1 3 2 2 2 1 2 1
1 1 2 1 2 1 3 3 2 1
1 1 1 3 1 2 2 1 2 3
2 1 1 2 3 3 2 3 1 2
2 2 1 1 2 2 3 1 1 2
1 2 3 2 1 1 1 3 3 3
1 1 3 2 1 1 1 2 3 2
1 1 1 1 2 2 3 3 3 3
2 1 3 2 3 2 1 2 3 1
1 3 1 2 3 1 2 3 1 3
1 3 2 1 3 3 1 3 2 1
1 3 2 3 1 1 1 3 2 3
2 1 3 2 1 3 2 3 1 2
1 1 1 1 1 2 2 2 2 1
1 1 2 1 3 1 3 1 2 2
2 1 1 3 2 2 2 1 1 2
2 1 2 2 3 2 1 1 2 1
2 1 2 1 3 2 3 3 2 1
1 2 3 3 3 2 3 1 1 1
1 2 1 3 2 2 3 1 1 1
2 1 1 2 1 2 3 2 3 3
1 2 2 1 3 1 1 3 2 1
1 1 2 2 2 1 1 2 1 1
1 1 2 2 1 1 2 1 3 3
1 1 1 1 3 2 3 3 3 2
1 2 1 2 3 1 2 3 1 1
1 2 1 2 3 1 1 2 1 3
2 2 2 2 1 2 1 3 1 1
1 1 1 1 2 3 1 3 2 2
1 2 1 1 3 2 1 2 3 1
1 1 1 2 1 2 1 1 2 2
1 2 2 1 2 1 3 1 3 1
2 1 3 3 2 2 2 1 1 3
1 1 2 3 3 2 2 1 1 1
1 1 3 3 1 2 2 1 1 2
1 1 1 2 2 1 1 2 1 2
2 1 2 2 3 2 1 2 1 1
1 1 3 2 1 2 1 1 2 3
2 3 3 1 2 2 2 1 1 3
1 1 2 3 2 1 2 1 3 1
1 1 1 1 3 3 2 2 3 3
1 1 2 2 1 2 2 1 1 1
1 2 1 2 3 1 2 1 1 3
1 1 3 2 2 1 3 1 2 1
1 1 3 2 3 1 2 1 2 1
1 2 2 1 1 1 3 1 3 2
2 3 1 2 1 3 2 1 3 2
2 2 2 1 1 2 1 1 2 3
1 2 1 1 2 1 1 1 2 2
1 1 1 1 3 2 3 2 3 3
1 2 2 1 3 1 1 1 3 2
1 1 3 3 1 3 2 1 2 3
1 1 1 1 2 2 3 2 1 3
2 3 1 2 1 2 3 2 1 3
1 2 3 1 3 1 2 1 2 1
2 2 2 2 3 3 1 3 1 1
1 2 2 3 1 1 1 2 3 1
1 1 3 3 1 3 3 1 2 2
1 1 1 3 2 1 2 3 2 1
1 1 2 2 1 1 3 2 3 1
1 1 1 1 1 2 2 3 3 2
2 1 3 3 1 3 1 2 2 2
1 2 2 3 1 1 1 1 2 3
1 2 3 3 1 1 1 2 3 3
2 1 2 3 3 2 3 1 2 1
2 1 2 1 2 1 1 2 1 2
1 1 1 2 1 2 3 1 3 2
1 1 3 2 1 1 1 3 2 2
1 2 2 1 1 1 1 3 3 2
1 2 1 3 3 1 2 3 1 3
1 1 2 2 1 1 1 3 2 3
1 1 1 1 2 1 2 3 3 2
1 2 3 1 2 2 3 1 1 1
2 1 1 3 2 2 2 1 3 3
1 2 1 1 2 2 1 1 2 1
1 1 1 2 3 1 2 2 3 1
1 3 1 3 2 1 3 3 1 2
1 2 2 1 3 2 3 1 1 1
1 3 2 1 1 1 1 3 2 2
2 2 2 2 1 1 3 3 1 3
2 2 1 3 3 2 1 3 1 2
1 1 2 1 1 3 2 1 2 3
1 3 3 1 2 2 1 2 1 1
2 1 3 3 1 1 3 2 2 2
1 3 2 3 1 2 2 1 1 1
1 3 1 3 3 1 2 3 1 2
1 3 3 2 1 1 1 2 3 3
2 1 1 3 2 1 1 2 2 2
2 1 1 3 1 1 2 2 2 2
1 3 3 2 1 1 1 1 2 2
2 1 2 1 1 2 1 3 2 2
1 1 2 1 2 3 1 2 3 1
1 2 1 2 2 3 3 1 1 1
1 1 2 2 2 1 1 1 2 1
1 2 2 1 3 3 2 1 1 1
2 2 3 1 1 2 1 3 3 2
1 1 1 2 2 1 3 3 2 1
1 2 1 1 2 1 2 3 1 3
1 3 2 1 2 2 3 1 1 1
2 3 3 2 3 1 2 1 1 2
1 2 1 2 1 1 3 3 1 2
1 3 1 2 2 1 1 2 1 3
1 1 1 3 2 1 2 2 1 3
1 1 1 1 3 2 1 3 2 2
1 2 1 2 3 1 3 1 1 2
1 1 1 1 3 2 2 2 1 3
2 1 1 3 3 3 1 2 2 2
1 3 2 1 3 1 2 1 1 2
2 3 1 2 1 2 3 2 3 1
2 1 1 2 2 2 2 3 1 1
1 3 1 1 3 2 1 2 2 1
1 2 1 2 3 3 2 1 1 1
1 2 1 3 1 1 2 2 1 3
1 1 3 3 1 2 2 1 3 3
1 1 3 2 1 1 2 2 3 1
1 2 1 3 3 1 3 2 1 3
1 1 2 3 1 1 2 3 2 1
1 3 3 1 2 1 1 1 2 2
1 3 2 2 3 3 3 1 1 1
1 3 2 1 2 1 3 1 1 2
1 3 2 1 2 2 1 3 1 1
1 3 2 2 1 1 1 1 2 3
1 3 1 3 2 1 2 3 1 3
1 1 2 3 3 1 3 2 3 1
2 3 1 2 1 2 1 2 1 2
2 2 3 2 2 1 1 2 1 1
1 2 1 3 1 1 1 3 2 2
2 2 3 3 2 3 1 2 1 1
1 3 3 1 2 3 1 3 2 1
1 2 3 2 2 1 3 1 1 1
2 3 1 2 3 3 2 1 1 2
1 1 1 1 1 2 3 3 2 2
1 2 2 1 2 1 1 1 1 2
2 3 2 1 1 2 2 1 2 1
1 2 1 1 2 1 2 1 3 3
2 1 1 2 2 2 1 1 1 2
1 3 1 2 3 1 3 2 1 3
2 2 2 2 3 3 1 1 3 1
1 1 2 2 3 1 3 1 2 1
2 2 2 1 1 2 1 3 1 2
1 2 3 1 3 1 1 2 2 1
2 1 2 3 1 2 1 2 2 1
2 1 3 1 2 2 2 1 1 2
2 2 1 3 2 3 1 2 1 3
2 2 1 2 1 2 1 3 1 2
1 3 2 1 2 2 1 1 3 1
2 3 2 3 1 2 1 1 2 3
1 3 1 2 3 1 2 2 1 1
1 3 3 3 1 1 1 3 2 2
1 1 1 1 2 3 2 3 1 2
1 1 2 3 1 1 1 2 3 2
1 3 1 2 1 1 1 2 3 2
1 2 2 1 1 3 1 3 2 1
1 1 3 2 1 1 2 1 2 3
1 2 3 2 1 1 1 3 2 1
1 2 1 2 2 1 1 1 1 2
1 2 1 2 2 1 2 1 1 1
2 2 2 2 3 1 1 1 1 2
2 2 1 3 3 2 3 1 1 2
1 1 1 1 3 3 3 3 2 2
1 2 3 2 1 1 1 2 1 3
2 3 1 2 3 2 1 2 3 1
1 1 2 2 3 2 3 1 1 1
1 1 2 2 1 1 1 3 3 2
1 3 2 1 3 2 1 2 1 1
2 2 2 2 1 3 1 2 1 1
2 3 1 1 2 2 2 1 1 2
2 2 2 2 1 1 3 1 2 1
1 1 1 1 2 3 3 1 2 2
1 2 2 1 1 2 1 2 1 1
1 2 2 1 2 1 1 3 3 1
2 2 1 2 1 1 2 1 2 1
2 2 1 2 1 3 2 1 1 2
1 1 1 1 3 3 3 2 3 2
1 3 2 2 1 1 1 1 3 2
1 3 3 1 2 1 2 1 3 3
1 1 2 1 2 1 2 2 1 1
2 2 1 3 2 2 1 1 1 2
2 1 3 2 1 2 2 2 1 1
1 3 2 2 1 3 2 1 1 1
1 1 2 1 1 2 3 1 3 2
2 1 1 2 3 2 3 2 1 3
1 1 2 3 1 1 1 3 2 2
2 1 2 2 1 2 3 2 1 1
1 2 3 1 3 1 1 1 2 2
1 2 1 1 3 1 2 1 3 2
1 2 1 2 3 1 3 2 1 1
1 1 1 1 3 2 2 2 3 1
1 2 2 1 3 3 1 1 2 1
1 1 2 1 2 1 2 1 3 3
2 1 1 3 2 2 2 3 3 1
2 1 1 2 2 2 2 1 1 3
2 2 1 1 1 2 3 2 1 2
1 2 3 1 2 2 1 3 1 1
2 1 3 2 1 2 1 2 2 1
2 1 1 2 3 1 1 2 2 2
1 3 2 3 2 2 1 1 1 1
1 2 1 1 3 1 2 2 1 3
2 3 1 3 2 2 2 1 1 3
2 1 2 2 1 2 1 2 3 1
1 1 1 1 2 2 1 3 3 2
2 1 1 2 1 2 3 2 2 1
1 1 1 2 3 1 2 2 1 3
2 1 3 3 2 2 2 3 1 1
1 1 3 2 2 1 1 3 2 1
1 1 2 1 2 3 1 3 2 1
2 2 2 1 1 2 3 1 1 2
1 3 1 1 2 2 1 3 2 1
2 1 2 2 1 2 1 3 2 1
1 1 3 1 3 1 2 1 2 2
2 2 1 1 1 2 2 2 1 1
1 2 3 1 3 2 1 1 2 1
