@ATTRIBUTES
GLCM_pan
Mean_Grean
Mean_Red
Mean_NIR
SD_pan

Input: #,#,#,#,#
Output: w,n

@DATA
2 127.8051546 235.1639344 107.6885246 729.295082 34.2625853
2 124.8690037 242.0588235 122.8529412 499.0294118 23.64407722
2 118.5306667 430.5744681 328.4042553 443.6382979 33.21958713
2 129.8872017 211.9310345 95.44827586 587.2068966 30.40992234
2 128.5746585 221.8656716 102.1119403 614.0597015 30.08465075
2 137.6983759 265.2222222 116.0740741 814.1481481 23.39251753
2 130.8092643 207.2608696 92.65217391 383.173913 26.83063171
2 116.0498576 208.7272727 93.88636364 495.7954545 40.32391447
2 119.3036876 200.4827586 107.5172414 405.2068966 38.79186205
2 135.8412138 197.9775281 86.51685393 474.741573 25.86990751
2 114.195 217.76 93.8 604.56 32.55518392
2 128.9930314 222 101.7777778 479.9444444 49.53175811
2 147.8385827 216.75 92.3125 562.875 19.99960937
1 126.739726 203.3913043 129.9043478 390.8173913 20.6357848
2 112.6911942 225.9615385 102.4230769 666.6730769 34.04654402
2 134.8286558 200.627907 86.86046512 525.5116279 27.05082051
2 116.8306528 255.0895522 122.9850746 768.1940299 17.38417098
2 118.0435435 205.547619 93.16666667 625.6666667 36.93756607
2 135.1914063 228.125 104.625 542 25.32962384
2 123.1897233 259.75 129 854.75 32.90178329
2 144.015873 196.75 89.625 427.25 13.02341641
1 118.3479624 226.15 138.85 608.9 29.07279656
2 122.0803605 226.875 113.2857143 460.4583333 24.73845544
2 133.7954545 203.8181818 95.45454545 385.9090909 17.69063814
2 136.7391304 231.2653061 111.4897959 592.5510204 29.56573092
2 130.8101695 255.3392857 143.5892857 482.9107143 20.72141965
2 107.3946188 208.1428571 92.57142857 616.75 30.46526962
2 113.6666667 207.5555556 88.16666667 479.2777778 43.43851196
2 129.9861551 251.202454 118.6196319 704.5766871 6.753996618
2 132.4140955 238.5025907 130.373057 391.6373057 40.86198466
2 140.838785 282.9259259 169.3703704 329.7407407 25.53321622
2 127.8724428 194.8076923 88.34615385 340.6923077 24.31708527
2 124.888014 232.2361111 107.1388889 721.3333333 21.60117863
2 148.9625 220.6 99.8 663.2 18.11077028
2 133.076659 194.5090909 83.50909091 394.1636364 40.89047657
2 114.5121951 229.2777778 107.3333333 743.1666667 25.43085518
2 115.3164894 392.9583333 306.5 461.25 11.28720699
2 159.890625 236.5 106.5 741 29.03769102
2 144.2600897 240.4642857 135.0714286 381.8214286 18.58443912
2 142.9539474 237.8947368 107.1052632 811.3157895 22.0626155
2 116.9786982 252.5283019 131.5660377 582.490566 18.25631362
2 160.8945313 609.375 483.5 694.9375 27.83405064
2 132.0175879 214.96 94.6 573.6 23.59274465
2 137.1074074 221.4117647 96.70588235 519.4705882 30.34872292
2 141.9107143 232 100.4285714 679.1428571 39.1788156
2 126.4013776 231.15 105.53 704.05 31.89623802
2 115.8774885 211.7073171 94.92682927 505.3414634 30.22698189
2 139.917847 191 82.26086957 395.4782609 18.92188699
2 149.6458333 231.25 100.9166667 744.0833333 26.04749935
2 134.6957164 202.5176471 92.48235294 509.1529412 26.12118683
2 131.3412541 180.6145833 80.33333333 270.125 22.70536821
2 102.1964286 210.1428571 93.57142857 450.4285714 40.98332165
2 121.7813212 196.5727273 86.16363636 363.9636364 33.01545343
2 145.5528169 211 95.11111111 425.6666667 9.212344107
2 140.1828704 344.2592593 257.1481481 681.7037037 42.33603893
2 117.0990338 202.4615385 91.30769231 541.4615385 36.90169653
2 87.484375 277 129 965 4.656984003
2 132.2923497 261.7391304 123.5652174 785.6086957 24.0373056
2 115.1619283 224.4313725 121.3137255 421.7058824 17.5611854
2 117.4646739 199.3913043 82.56521739 344.8695652 18.50703642
2 137.9404187 187.6410256 80.30769231 471.4102564 22.5481587
2 122.7128117 219.7808219 97.05479452 551.1369863 32.88006832
2 109.3309859 332.4444444 221 374 44.98147767
2 129.3030303 212.1304348 96.69565217 455.5434783 47.58844616
2 135.5800365 197.6153846 88.33653846 354.3846154 18.10573604
2 134.6029412 225.0294118 99.47058824 607.6176471 21.81609593
2 130.6868327 217.1320755 100.7358491 535.2075472 14.51952688
2 138.9857955 220.5 93.13636364 627.0909091 38.38635691
2 121.018016 260.5095986 125.8499127 837.4834206 21.34339299
1 128.3687542 211.3544974 140.6507937 411.3015873 24.84213476
2 131.8519225 328.5477387 206.2311558 310.6482412 15.86386079
2 114.8125 208.5 94.5 474.3888889 23.12739811
2 137.0290557 261.3076923 159.4423077 406.4615385 19.44856477
2 118.5273349 273.8909091 166.3636364 398.4363636 31.39918407
2 131.18 186.25 79.5 384 16.38108189
2 132.2571528 192.7252747 92.63186813 155.9450549 13.24091466
2 122.7229064 230.7058824 105.3529412 736 26.37811006
2 138.8807107 209.56 89.96 526.44 29.72810118
2 95.75625 193.4 83.5 417.5 13.87804021
2 122.4344023 202.4461538 88.76923077 477.2461538 24.62674738
2 118.8628571 206.5909091 93.90909091 538.0909091 21.68196112
2 128.8273956 457.8737864 430.8252427 715.9902913 35.22775097
2 123.8948897 245.2592593 119.0648148 798.2685185 38.72662798
2 129.30625 261.35 154.55 339.95 31.70583543
2 121.1553073 492.7079646 487.840708 777.2389381 25.08944607
2 133.0968447 228.880597 115.7661692 563.1542289 25.20846576
2 140.4090909 225.6666667 109.1111111 690.1111111 29.51438235
2 125.5167598 225.9646018 109.2477876 625.0530973 22.2911167
2 117.1241218 253.537037 116.8518519 715.037037 19.08618817
2 133.1058201 367.7083333 269.8333333 432.375 15.97198067
2 128.5836492 244.5847458 115 705.7711864 12.76059586
2 126.8875 204.6 92 572 28.24464551
2 122.2829912 251.6744186 113.4651163 840.3255814 18.49236464
2 117.0292683 194.4615385 82.76923077 441.2307692 46.74948976
2 123.8612425 325.3084577 207.8059701 298.0895522 22.05116448
2 134.4732143 195.7857143 85.35714286 526.2857143 26.2663943
2 121.8923611 215.1666667 94.16666667 602.9444444 24.09241467
2 119.7396746 232.9 120.42 503.36 26.7568608
1 118.5783235 198.5675676 117.0675676 429.1351351 33.42097075
2 133.5553064 449.6904762 425.6428571 670.4404762 30.40559858
2 136.4583333 213.25 92.5 501 26.97053433
2 117.3981191 261.725 141.45 722.875 17.88428081
2 94.5875 195.2 82.6 457.4 23.49127498
2 120.7072368 380.9473684 296.4210526 443.9473684 27.75945348
2 132.1189358 201.875 90.825 385.175 23.07157342
2 112.6232558 215.037037 99.62962963 601.4074074 24.18027856
2 108.3113497 216.2926829 95.46341463 651.2682927 20.97989179
2 132.28 211.8181818 93.72727273 494.4545455 25.86263778
2 129.6757813 247.75 133 566.75 16.58583262
2 99.56793478 196.2608696 85.08695652 336.2173913 20.07048073
2 132.0854801 202.9259259 93.18518519 389.2777778 19.20590901
2 117.9669291 197.65 82.925 308.025 18.6128316
2 101.2916667 201.1111111 82.11111111 384.1111111 8.178562764
2 137.1272727 208.2884615 92.90384615 476.5192308 21.43553705
2 136.382263 233.8780488 116.195122 417.3170732 35.39226936
2 120.7772436 218.6923077 100.2051282 567.3076923 31.82380817
2 124.7850799 204.2676056 91.25352113 523.9295775 35.92514645
2 125.027451 215.1875 107.8 310.1125 26.58701516
2 165.725 222 106 608 11.28538878
2 101.3005952 534.8095238 398.4285714 605.952381 27.31183824
2 127.7637326 255.0526316 139.0947368 376.8421053 18.47572638
2 136.2742981 199 88.03448276 412.1724138 17.74934475
2 133.5050847 214.0540541 95.89189189 559.2972973 16.47908562
2 126.4444444 209.3333333 92.33333333 596.7777778 16.7582668
2 152.7777778 191.8333333 98.58333333 165.5833333 4.399337071
1 128.0960929 199.2 118.4 403.3333333 21.40589223
2 121.3020833 225.5 102.1666667 773.3333333 32.30411051
2 114.8492462 240.24 115.68 888.12 20.58442129
2 129.5603933 198.0888889 81.84444444 367.5555556 37.56512699
2 118.481822 233.66 110.2733333 610.08 33.64068701
2 121.5371094 334.53125 221.515625 385.359375 46.6508364
2 134.5829556 264.5714286 151.4857143 418.4428571 22.97720698
2 134.7023433 210.2727273 95.46464646 444 25.07608258
1 124.7395833 202.8 115.3333333 354.3333333 16.70715083
2 123.4466859 846.8742857 653.8457143 714.4685714 30.95878814
2 117.990991 502 335 560 22.56871593
2 136.5526316 272.0588235 142.4705882 465.8235294 15.34651657
2 135.129199 207.5068493 95.87671233 414.369863 17.4990979
2 134.7765957 196.3333333 87.83333333 351.3333333 9.30883027
2 125.1625 209.9 92.6 592.4 20.36565737
2 125.8306748 216.3921569 100.5490196 532.1372549 22.46162091
2 120.4567281 209.6725664 92.57522124 402.5575221 25.38908596
2 142.605 216.24 95.12 531.24 30.9597416
2 140.6142857 210.5 92.59090909 564.5 30.27671964
2 135.0650496 220.2807018 103.6491228 549.7017544 48.17299159
2 107.4314286 224.9545455 102.3181818 695.6818182 17.09846303
2 116.3907767 200.8461538 91.38461538 357.4230769 19.2589025
2 137.4716599 239.6612903 114.2096774 690.8225806 31.44292684
2 127.6761364 221.4545455 103.0909091 768.4545455 28.98988139
2 141.5137255 193 81 300 10.62849207
2 118.6466216 222.2150538 97.68817204 682.4946237 28.27173529
2 141.6572327 205.55 90.45 558.35 40.3931925
2 128.328125 202.15 85.5 442.2 38.43940036
2 142.7068063 206 91.125 559.7083333 17.77516799
2 134.5828437 253 114.9814815 836.7777778 16.27398515
2 122.8715278 240.6111111 110.1111111 704.6111111 20.23259807
2 136.4583333 214 104 436 11.6714276
2 113.1310861 201.2941176 87.70588235 617.9411765 29.74551811
2 175 205.6666667 98 528.6666667 4.921607687
2 144.0471822 256.2083333 120.1875 835.0208333 18.72145976
2 146.4703704 203.3529412 94.94117647 433.2352941 21.15456383
2 105.365 211.36 95.8 620.32 20.35658125
2 123.8557692 189.5769231 86.80769231 403.6153846 30.41879772
2 126.4048387 224.474359 106.1538462 565.7564103 24.24971448
2 107.8645833 223 108 719.7777778 24.96491365
2 127.0803076 242.0884354 112.4013605 608.6258503 37.40474443
2 138.1125265 194.9666667 83.36666667 358.7333333 14.90547998
2 118.5539033 195.5294118 85.70588235 505.1176471 36.01672045
2 143.1809045 195.24 84.56 458.96 15.4607115
2 139.4602649 255.1052632 135.7368421 517.1578947 9.660439934
2 127.4572368 187.1052632 75.42105263 384.2105263 18.59705395
2 122.5668605 206.372093 89.86046512 494.9767442 26.23863941
2 141.3541667 230.6666667 111.6666667 852.3333333 18.1146043
2 123.8579545 314.0909091 211.0909091 403.8181818 30.40283942
2 118.6012333 232.3770492 103.9508197 754.6393443 36.02089632
2 118.5245232 214.6304348 95.89130435 549.8913043 38.46015295
2 116.8237347 232.4583333 109.5277778 648.0416667 18.59459777
2 141.5546875 195.4375 86 492.5625 25.68552304
2 124.6339286 274.8571429 162 511.5714286 26.59139035
2 108.5707071 233.64 112.2 590.36 20.75186739
2 115.0401786 204.4285714 93.46428571 468.5714286 44.46863146
2 140.2243736 193.8727273 84.52727273 462.3272727 29.36020807
2 98.61702128 205 90.66666667 507.6666667 6.236095645
2 126.705186 275.8928571 161.1785714 455.2142857 15.35306217
2 123.5244161 255.0338983 138.3728814 588.3050847 28.84446
2 114.2564576 227.4117647 102.5882353 755.0882353 22.30375781
2 122.1189964 247.3181818 115.4659091 603.8295455 16.92142756
2 133.5416667 208.7333333 90.2 474.4666667 25.79095449
2 116.6073446 240.494382 109.6966292 846.6966292 32.68997963
2 134.90625 221.4 100 613.8 14.39305388
2 104.7219731 227.7142857 102.1428571 708.2857143 17.92842914
2 123.3299195 201.2790698 89.81395349 374.0465116 26.16784447
2 134.0718182 240.0434783 113.3115942 749.115942 28.71549325
2 108.821875 213.8 95.05 571.9 16.15270875
1 132.4047758 201.3055556 125.4074074 373.8055556 23.22029498
2 125.7160548 225.5574913 128.1010453 194.2857143 14.36070908
2 109.5848375 234.7714286 110.6285714 819.6857143 19.55768026
2 93.97916667 543 367 396 156.5084307
2 132.4376757 218.0298507 105.6268657 439 16.4323139
2 123.3483174 249.6796875 154.546875 426.9492188 24.24818272
2 134.4619883 211.877451 101.627451 436.7303922 33.91547888
2 143.1054688 213.8125 96.3125 496.8125 23.21872897
2 110.1335079 209.2916667 103.4583333 473.2083333 19.77213949
2 120.7072368 380.9473684 296.4210526 443.9473684 27.75945348
2 135.5 225.028169 106.2535211 551.5070423 33.19952247
1 136.3594354 210.3058104 118.4220183 462.5688073 21.60957497
2 130.0157127 194.4196429 83.63392857 522.7232143 45.91870798
2 123.6175743 246.2745098 113.6666667 774.4509804 20.30039687
2 121.9293478 208.7391304 93.26086957 706.3478261 18.71929748
2 134.2245509 205.047619 95.19047619 554.5714286 30.79321715
2 140.6183575 210.1923077 94.53846154 600.5 25.45766732
2 120.8848168 259.3333333 138.3333333 425.3333333 15.25045537
2 128.621546 233.4450549 103.1868132 706.3516484 11.73960215
2 121.7565066 245.6232687 128.0277008 517.5789474 21.89388695
2 124.0108696 234.6086957 112.3043478 315.3478261 43.03812
2 133.8514286 236.4090909 107.6818182 796.2272727 28.97163047
2 111.2075472 233.1 105.575 729.775 23.67381201
2 123.7192586 275.1785714 163.6285714 462.05 14.97957793
2 113.2142857 440.8571429 271.4285714 579.4285714 66.103197
2 135.5842027 212.1984127 92.61904762 640.6190476 31.72601452
2 120.9509063 198.0240964 83.1686747 419.9036145 42.24430395
2 121.0555556 237.9302326 105.8837209 702.7209302 23.17070473
2 134.2133946 181.642487 79.29015544 262.9222798 16.53728225
2 145.625 208 86.625 458.25 23.33452378
2 124.1211668 204.9285714 88.89285714 435.1547619 25.55032604
2 134.9217877 196.5777778 79.77777778 338.5333333 18.27882807
2 126.2141143 232.2171429 107.9504762 628.3828571 29.25688033
2 133.4357367 268.1 148.75 463.5 22.54168361
2 127.6412722 225.3647059 100.7529412 669.6352941 25.89412566
2 165.65625 230 108 555 9.027735043
2 115.7159091 297.2727273 184.2727273 581 32.54393089
2 138.203125 241.5 109 557.75 42.29066091
2 95.81818182 220.5555556 106.7777778 715.5555556 10.31838824
2 93.89285714 612 569 734 98.69495366
2 113.8680556 217.7777778 92.44444444 623.7777778 53.86196349
2 141.3368146 267.125 144.4583333 553.0416667 22.57764381
2 129.3652038 709.45 540 597.65 31.79574461
2 120.2337662 211.7792208 95.45454545 583.4415584 34.53837443
2 124.5425532 251.4150943 119.754717 914.9433962 31.50810075
2 119.3233333 232.0177515 109.6982249 542.0887574 22.35035708
2 129.2887029 217.8666667 106.6 585.4 16.91337406
2 156.2421875 240 110.5 726 29.62658224
2 117.0033003 214.3421053 94.52631579 560.2105263 24.34648609
2 150.3606557 206.6956522 88.56521739 428.6521739 20.37660544
2 114.8044872 233.5128205 116.6923077 462.2307692 30.51958555
2 121.5173611 230.5416667 103.0416667 768.125 28.70144518
2 120.9621212 238.12 112.64 667.6 18.70196781
2 118.4945355 224.0869565 102.6521739 637.9130435 32.42096687
2 146.2236842 197.2105263 89.68421053 229.3157895 10.34073247
2 155.4285714 384 220.5714286 391.7142857 71.40513901
2 124.0263562 218.9105691 105.4878049 594.9390244 28.08985475
2 131.6028422 203.3214286 95.46428571 435.6904762 24.32959097
2 117.6017442 220.9545455 103.1363636 673.1818182 10.24977323
2 144.6470588 219.8823529 98.70588235 509.7647059 18.27718149
2 151.70625 230 109.2 584.2 18.54292318
2 141.6151079 204.6571429 91.28571429 448.8857143 24.37954981
2 113.3452381 216.9047619 96.23809524 539 24.60766984
2 121.5656192 221.9117647 94.97058824 465.2941176 21.74482399
2 134.1577947 222.1515152 98.45454545 714.6363636 21.50396636
2 137.5167549 224.943662 105.8028169 562 31.09313077
2 154.5322581 230 101 673 22.77608395
2 128.971831 245.0555556 128.8333333 572.7222222 18.11979077
2 134.7378917 348.8181818 238.1590909 348.9772727 41.15523801
2 118.9508197 266.2173913 167.5217391 505.9130435 39.62236675
2 127.5409731 197.4795918 85.91836735 512.3265306 35.07802483
2 118.9550706 244.5306122 127.3877551 644.6326531 31.44632417
2 135.8438178 214.2413793 102.1034483 638.1034483 24.82638886
2 123.3658192 267.1333333 163.8 466.2 17.06521985
2 133.2071931 234.3875 105.0125 794.55 36.52009507
2 123.8604794 214.5294118 94.23529412 677.6960784 24.19062766
2 96.11347518 233.4444444 103 684.5555556 9.867017011
2 116.0833333 219.4444444 99.33333333 440.6666667 53.19519147
2 126.8587513 205.6774194 105.1774194 187.0483871 18.2442456
2 127.4939173 210 92.84615385 459 27.43696379
2 132.5204461 216.4705882 100.9411765 481.7058824 30.78398901
2 119.8717712 251.4411765 118.6764706 884.6617647 19.1729968
2 120.7901786 199.4285714 94.07142857 402.1428571 17.66640996
2 130.5761773 196.4565217 82.61956522 318.3152174 21.41151782
2 118.8706625 218.6 93.8 533.2 36.54842678
2 136.7662116 224.8918919 97.75675676 513.0810811 25.19394457
2 139.6590909 211.5454545 91.36363636 679.8181818 13.61452797
2 129.9263914 218.9428571 97.34285714 640.4 29.92665865
2 118.3402329 238.4452055 114.2739726 762.4520548 19.11052804
2 170.296875 242 109 789 11.75531795
2 124.1782041 211.8396226 98.81446541 481.6698113 36.52649196
2 133.4896789 192.5181818 83.15454545 326.3454545 22.41936147
2 129.2817503 186.2288136 80.55508475 324.6059322 26.70409985
2 115.0062893 259 109 797.8 22.05419461
2 123.5166113 219.3947368 100.8684211 457.5526316 30.71903774
2 119.9166667 230.5 102 774.8571429 17.64878443
2 131.6567657 347.8947368 288.9736842 578.8684211 38.98068454
2 138.8090909 237.1428571 108.2857143 737.8571429 34.88230942
1 133.8541667 166.4074074 78.74074074 254.3703704 14.17507618
2 117.0351759 224.52 97.4 577.32 23.50101274
2 112.725 224.7 107.6 433.9 27.52834902
2 125.4125 251.5 132.95 506.2 22.03656053
2 105.872549 220.7692308 101.7692308 686.5384615 27.06293345
2 110.8530864 243.7058824 117.4117647 546.9215686 17.23012928
2 141.5590551 201 86 467.5 27.80034847
2 129.4251825 184.7211538 81.22115385 373.3076923 19.06151479
