KC21_YEAST,0.31,0.31,0.56,0.33,0.50,0.00,0.52,0.33,NUC
AFR1_YEAST,0.38,0.61,0.61,0.12,0.50,0.00,0.53,0.47,CYT
MIG1_YEAST,0.43,0.39,0.59,0.13,0.50,0.00,0.41,0.43,NUC
CC7_YEAST,0.42,0.31,0.50,0.15,0.50,0.00,0.53,0.22,NUC
YIB3_YEAST,0.52,0.46,0.34,0.20,0.50,0.00,0.51,0.25,ME3
MAD1_YEAST,0.62,0.64,0.56,0.20,0.50,0.00,0.48,0.33,NUC
RTPT_YEAST,0.48,0.45,0.59,0.35,0.50,0.00,0.55,0.30,MIT
FPPS_YEAST,0.55,0.56,0.45,0.14,0.50,0.00,0.54,0.22,CYT
REB1_YEAST,0.58,0.31,0.60,0.12,0.50,0.00,0.47,0.33,NUC
NHPB_YEAST,0.11,0.41,0.67,0.13,0.50,0.00,0.45,0.29,NUC
VP17_YEAST,0.25,0.40,0.54,0.16,0.50,0.00,0.43,0.22,CYT
HXT8_YEAST,0.42,0.44,0.33,0.17,0.50,0.00,0.54,0.27,ME3
ACT5_YEAST,0.50,0.34,0.55,0.21,0.50,0.00,0.49,0.22,NUC
MAT2_YEAST,0.51,0.48,0.58,0.22,0.50,0.00,0.50,0.28,NUC
F26_YEAST,0.71,0.59,0.53,0.15,0.50,0.00,0.49,0.33,CYT
AROG_YEAST,0.48,0.54,0.55,0.12,0.50,0.00,0.51,0.22,CYT
HIR2_YEAST,0.61,0.57,0.45,0.21,0.50,0.00,0.50,0.42,NUC
CCE1_YEAST,0.58,0.62,0.54,0.17,0.50,0.00,0.48,0.22,MIT
DA80_YEAST,0.59,0.58,0.56,0.21,0.50,0.00,0.54,0.33,NUC
PRI1_YEAST,0.33,0.35,0.56,0.19,0.50,0.00,0.50,0.22,NUC
YHU2_YEAST,0.60,0.68,0.30,0.27,0.50,0.00,0.55,0.22,ME3
CBP4_YEAST,0.35,0.52,0.48,0.22,0.50,0.00,0.26,0.22,MIT
R37B_YEAST,0.40,0.45,0.61,0.29,0.50,0.00,0.44,0.22,CYT
HDF1_YEAST,0.43,0.42,0.54,0.22,0.50,0.00,0.57,0.33,NUC
LAS1_YEAST,0.43,0.38,0.51,0.24,0.50,0.00,0.46,0.33,NUC
MSN1_YEAST,0.52,0.38,0.62,0.12,0.50,0.00,0.41,0.28,NUC
IS42_YEAST,0.58,0.55,0.52,0.22,0.50,0.00,0.44,0.22,MIT
YCY8_YEAST,0.28,0.48,0.36,0.16,0.50,0.00,0.53,0.22,ME3
YIG3_YEAST,0.34,0.24,0.51,0.15,0.50,0.00,0.54,0.40,NUC
SX19_YEAST,0.32,0.68,0.51,0.16,0.50,0.83,0.55,0.22,POX
NAT2_YEAST,0.59,0.58,0.39,0.52,0.50,0.00,0.50,0.31,CYT
PH85_YEAST,0.40,0.37,0.54,0.13,0.50,0.00,0.48,0.22,NUC
YINO_YEAST,0.76,0.67,0.37,0.22,0.50,0.00,0.54,0.22,ME2
KC2C_YEAST,0.38,0.37,0.56,0.21,0.50,0.00,0.49,0.22,NUC
GALX_YEAST,0.62,0.58,0.52,0.15,0.50,0.00,0.52,0.29,CYT
YCX9_YEAST,0.71,0.64,0.42,0.28,0.50,0.00,0.43,0.22,EXC
SFL1_YEAST,0.49,0.49,0.52,0.18,0.50,0.00,0.51,0.25,NUC
SC14_YEAST,0.38,0.40,0.53,0.12,0.50,0.00,0.55,0.22,CYT
ATP9_YEAST,0.78,0.65,0.40,0.16,0.50,0.00,0.63,0.22,MIT
HS73_YEAST,0.51,0.48,0.51,0.26,0.50,0.00,0.51,0.27,CYT
GAL1_YEAST,0.48,0.35,0.42,0.21,0.50,0.00,0.57,0.22,CYT
DHSA_YEAST,0.56,0.65,0.49,0.56,0.50,0.00,0.49,0.22,MIT
RL25_YEAST,0.44,0.36,0.64,0.45,0.50,0.00,0.53,0.11,CYT
DPSD_YEAST,0.51,0.46,0.40,0.65,0.50,0.00,0.49,0.22,MIT
PR02_YEAST,0.30,0.30,0.46,0.32,0.50,0.00,0.45,0.22,NUC
HS77_YEAST,0.51,0.50,0.49,0.45,0.50,0.00,0.48,0.22,MIT
PRCE_YEAST,0.46,0.62,0.54,0.25,0.50,0.00,0.46,0.22,CYT
XRS2_YEAST,0.64,0.56,0.52,0.17,0.50,0.00,0.54,0.47,NUC
RAD2_YEAST,0.39,0.44,0.54,0.24,0.50,0.00,0.51,0.49,NUC
TFC4_YEAST,0.33,0.17,0.52,0.13,0.50,0.00,0.51,0.75,NUC
RA10_YEAST,0.61,0.39,0.53,0.14,0.50,0.00,0.43,0.26,NUC
LEU1_YEAST,0.52,0.62,0.54,0.19,0.50,0.00,0.50,0.22,MIT
GALY_YEAST,0.56,0.59,0.53,0.16,0.50,0.00,0.24,0.42,NUC
RL4A_YEAST,0.56,0.35,0.47,0.41,0.50,0.00,0.50,0.22,CYT
CC16_YEAST,0.62,0.51,0.52,0.42,0.50,0.00,0.54,0.27,NUC
PGK_YEAST,0.48,0.42,0.48,0.19,0.50,0.00,0.58,0.22,CYT
SC72_YEAST,0.59,0.55,0.57,0.18,0.50,0.00,0.51,0.22,CYT
YGP1_YEAST,0.80,0.79,0.43,0.25,0.50,0.00,0.52,0.22,EXC
PIR1_YEAST,0.77,0.78,0.51,0.28,0.50,0.00,0.33,0.22,EXC
CPT1_YEAST,0.47,0.54,0.37,0.14,0.50,0.00,0.50,0.22,ME3
UME5_YEAST,0.34,0.42,0.48,0.19,0.50,0.00,0.46,0.31,NUC
UBC6_YEAST,0.43,0.48,0.36,0.26,0.50,0.00,0.52,0.22,ME3
RTG1_YEAST,0.41,0.46,0.58,0.08,0.50,0.00,0.51,0.28,NUC
RN15_YEAST,0.47,0.45,0.51,0.33,0.50,0.00,0.46,0.26,NUC
COQ3_YEAST,0.52,0.56,0.54,0.53,0.50,0.00,0.45,0.22,MIT
IF2G_YEAST,0.51,0.35,0.46,0.15,0.50,0.00,0.51,0.42,CYT
HAL1_YEAST,0.38,0.49,0.61,0.13,0.50,0.00,0.54,0.22,CYT
TP20_YEAST,0.40,0.56,0.53,0.15,0.50,0.00,0.49,0.22,CYT
YGL1_YEAST,0.38,0.56,0.38,0.16,0.50,0.00,0.53,0.22,ME3
RU1A_YEAST,0.47,0.46,0.55,0.28,0.50,0.00,0.44,0.46,NUC
ACO1_YEAST,0.43,0.38,0.38,0.12,0.50,0.00,0.50,0.22,ME2
SRB4_YEAST,0.49,0.60,0.42,0.18,0.50,0.00,0.58,0.28,NUC
ST20_YEAST,0.30,0.45,0.55,0.19,0.50,0.00,0.53,0.40,CYT
UMPK_YEAST,0.47,0.59,0.56,0.09,0.50,0.00,0.50,0.22,CYT
YAF3_YEAST,0.77,0.78,0.27,0.37,0.50,0.00,0.49,0.22,ME1
RS21_YEAST,0.42,0.50,0.64,0.13,0.50,0.00,0.49,0.22,CYT
TCPE_YEAST,0.62,0.42,0.47,0.16,0.50,0.00,0.52,0.22,CYT
TOP2_YEAST,0.45,0.36,0.50,0.19,0.50,0.00,0.53,0.70,NUC
PABP_YEAST,0.28,0.48,0.56,0.16,0.50,0.00,0.48,0.26,CYT
COX8_YEAST,0.55,0.45,0.45,0.54,0.50,0.00,0.50,0.22,MIT
YMX1_YEAST,0.72,0.61,0.45,0.30,0.50,0.00,0.54,0.25,MIT
FBRL_YEAST,0.35,0.44,0.54,0.26,0.50,0.00,0.52,0.26,NUC
H4_YEAST,0.37,0.34,0.58,0.24,0.50,0.00,0.44,0.18,NUC
GLS1_YEAST,0.20,0.34,0.33,0.10,0.50,0.00,0.48,0.31,ME3
ENO2_YEAST,0.45,0.56,0.53,0.32,0.50,0.00,0.57,0.22,CYT
HIP1_YEAST,0.48,0.46,0.38,0.29,0.50,0.00,0.53,0.22,ME3
COX3_YEAST,0.52,0.77,0.38,0.34,0.50,0.00,0.51,0.22,MIT
VATF_YEAST,0.65,0.58,0.53,0.21,0.50,0.00,0.51,0.22,VAC
SIR3_YEAST,0.47,0.50,0.47,0.22,0.50,0.00,0.53,0.45,NUC
MET4_YEAST,0.55,0.65,0.50,0.28,0.50,0.00,0.55,0.22,NUC
UME6_YEAST,0.60,0.57,0.63,0.22,0.50,0.00,0.50,0.49,NUC
STL1_YEAST,0.36,0.50,0.39,0.23,0.50,0.00,0.50,0.22,ME3
YB48_YEAST,0.29,0.39,0.46,0.36,0.50,0.00,0.51,0.22,NUC
CYC1_YEAST,0.46,0.54,0.71,0.15,0.50,0.00,0.59,0.22,MIT
UBIQ_YEAST,0.46,0.47,0.62,0.30,0.50,0.00,0.38,0.22,CYT
LCB2_YEAST,0.36,0.34,0.46,0.19,0.50,0.00,0.52,0.22,ME2
YB8E_YEAST,0.56,0.71,0.47,0.21,0.50,0.00,0.52,0.22,MIT
PR08_YEAST,0.40,0.28,0.48,0.06,0.50,0.00,0.49,0.42,NUC
PTR2_YEAST,0.36,0.33,0.38,0.15,0.50,0.00,0.55,0.36,ME3
CBPY_YEAST,0.69,0.70,0.50,0.30,0.50,0.00,0.54,0.22,VAC
CAPA_YEAST,0.42,0.35,0.54,0.18,0.50,0.00,0.56,0.22,CYT
MS51_YEAST,0.55,0.53,0.54,0.40,0.50,0.00,0.48,0.22,MIT
YAB8_YEAST,0.69,0.66,0.36,0.09,0.50,0.00,0.56,0.22,ME1
STF1_YEAST,0.55,0.41,0.67,0.61,0.50,0.00,0.49,0.14,MIT
SPT7_YEAST,0.49,0.60,0.54,0.35,0.50,0.00,0.53,0.46,NUC
GLNA_YEAST,0.44,0.34,0.55,0.18,0.50,0.00,0.52,0.22,CYT
SC20_YEAST,0.46,0.47,0.44,0.18,1.00,0.00,0.46,0.22,ME2
KTR1_YEAST,0.77,0.60,0.42,0.33,0.50,0.00,0.57,0.22,ME2
RA52_YEAST,0.31,0.39,0.55,0.28,0.50,0.00,0.46,0.31,NUC
RAD5_YEAST,0.36,0.48,0.50,0.13,0.50,0.00,0.49,0.60,NUC
PH84_YEAST,0.38,0.45,0.37,0.19,0.50,0.00,0.52,0.30,ME3
FZF1_YEAST,0.37,0.43,0.62,0.27,0.50,0.00,0.48,0.22,NUC
TCTP_YEAST,0.47,0.38,0.58,0.19,0.50,0.00,0.57,0.22,CYT
SSD1_YEAST,0.45,0.45,0.51,0.30,0.50,0.00,0.48,0.44,CYT
RT28_YEAST,0.65,0.53,0.55,0.52,0.50,0.00,0.47,0.27,MIT
YKE6_YEAST,0.77,0.74,0.37,0.29,0.50,0.00,0.45,0.22,ME1
RA14_YEAST,0.39,0.16,0.59,0.08,0.50,0.00,0.51,0.27,NUC
SWI6_YEAST,0.41,0.56,0.53,0.16,0.50,0.00,0.55,0.26,NUC
TFC1_YEAST,0.54,0.67,0.56,0.15,0.50,0.00,0.57,0.33,NUC
RA50_YEAST,0.45,0.54,0.49,0.29,0.50,0.00,0.49,0.25,NUC
ATR1_YEAST,0.28,0.58,0.21,0.13,0.50,0.00,0.51,0.22,ME3
PPAC_YEAST,0.74,0.72,0.50,0.28,0.50,0.00,0.49,0.27,EXC
R16A_YEAST,0.44,0.56,0.52,0.18,0.50,0.00,0.50,0.11,CYT
SSO1_YEAST,0.41,0.42,0.23,0.16,0.50,0.00,0.40,0.22,ME3
YBT6_YEAST,0.54,0.44,0.38,0.22,0.50,0.00,0.54,0.30,ME3
FRE1_YEAST,0.91,0.77,0.34,0.47,0.50,0.00,0.52,0.31,ME1
TPM2_YEAST,0.39,0.45,0.75,0.17,0.50,0.00,0.51,0.22,CYT
PEM2_YEAST,0.48,0.49,0.45,0.23,0.50,0.00,0.51,0.22,ME3
ALP1_YEAST,0.42,0.24,0.34,0.16,0.50,0.00,0.50,0.22,ME3
IF2A_YEAST,0.51,0.59,0.55,0.21,0.50,0.00,0.52,0.22,CYT
MRF1_YEAST,0.46,0.61,0.55,0.29,0.50,0.00,0.49,0.22,MIT
PPA5_YEAST,0.74,0.74,0.51,0.27,0.50,0.00,0.50,0.22,EXC
ODPA_YEAST,0.60,0.54,0.54,0.53,0.50,0.00,0.52,0.27,MIT
SNF5_YEAST,0.66,0.43,0.57,0.60,0.50,0.00,0.19,0.33,NUC
SUV3_YEAST,0.61,0.54,0.54,0.38,0.50,0.00,0.54,0.29,MIT
ACH1_YEAST,0.40,0.42,0.57,0.35,0.50,0.00,0.53,0.25,CYT
IPYR_YEAST,0.43,0.51,0.60,0.25,0.50,0.00,0.55,0.22,CYT
HAP2_YEAST,0.47,0.49,0.63,0.17,0.50,0.00,0.31,0.26,NUC
RL16_YEAST,0.61,0.53,0.59,0.17,0.50,0.00,0.44,0.28,CYT
SPT8_YEAST,0.52,0.31,0.56,0.16,0.50,0.00,0.55,0.22,NUC
LONM_YEAST,0.47,0.54,0.53,0.77,0.50,0.00,0.52,0.36,MIT
SMC1_YEAST,0.47,0.56,0.51,0.20,0.50,0.00,0.52,0.59,NUC
UBC5_YEAST,0.50,0.46,0.49,0.27,0.50,0.00,0.60,0.22,CYT
SYV_YEAST,0.51,0.49,0.48,0.55,0.50,0.00,0.52,0.58,CYT
N100_YEAST,0.90,0.54,0.59,0.20,0.50,0.00,0.48,0.22,NUC
GCS1_YEAST,0.43,0.51,0.54,0.15,0.50,0.00,0.45,0.26,NUC
RAP1_YEAST,0.54,0.53,0.53,0.17,0.50,0.00,0.51,0.39,NUC
STE6_YEAST,0.46,0.61,0.38,0.35,0.50,0.00,0.49,0.22,ME3
PT27_YEAST,0.26,0.28,0.60,0.20,0.50,0.00,0.54,0.31,MIT
FAS1_YEAST,0.57,0.61,0.45,0.26,0.50,0.00,0.50,0.22,CYT
YKA8_YEAST,0.30,0.37,0.40,0.45,0.50,0.00,0.48,0.41,ME3
YHK5_YEAST,0.92,0.66,0.52,0.23,0.50,0.00,0.53,0.22,ME1
RU17_YEAST,0.33,0.46,0.60,0.18,0.50,0.00,0.51,0.26,NUC
ODPX_YEAST,0.45,0.58,0.59,0.44,0.50,0.00,0.56,0.22,MIT
NIN1_YEAST,0.47,0.50,0.55,0.19,0.50,0.00,0.62,0.22,CYT
IF4A_YEAST,0.38,0.42,0.50,0.19,0.50,0.00,0.44,0.22,CYT
YAC2_YEAST,0.49,0.53,0.36,0.15,0.50,0.00,0.52,0.27,ME3
UBP2_YEAST,0.19,0.41,0.55,0.13,0.50,0.00,0.52,0.25,CYT
YHR0_YEAST,0.80,0.73,0.47,0.19,0.50,0.00,0.49,0.22,ME1
ERG6_YEAST,0.32,0.47,0.55,0.12,0.50,0.00,0.52,0.22,CYT
ACT_YEAST,0.46,0.44,0.52,0.11,0.50,0.00,0.50,0.22,CYT
ATPU_YEAST,0.50,0.54,0.53,0.54,0.50,0.00,0.51,0.27,MIT
COQ2_YEAST,0.63,0.56,0.45,0.58,0.50,0.00,0.51,0.22,MIT
NOT2_YEAST,0.64,0.60,0.57,0.19,0.50,0.00,0.43,0.22,NUC
CG11_YEAST,0.49,0.43,0.51,0.13,0.50,0.00,0.47,0.22,CYT
SNP2_YEAST,0.51,0.50,0.54,0.11,0.50,0.00,0.60,0.22,NUC
YBG6_YEAST,0.28,0.41,0.46,0.18,0.50,0.00,0.47,0.39,NUC
PIR3_YEAST,0.77,0.73,0.51,0.27,0.50,0.00,0.34,0.22,EXC
SC23_YEAST,0.41,0.49,0.47,0.09,0.50,0.00,0.49,0.22,CYT
EFG1_YEAST,0.53,0.48,0.45,0.44,0.50,0.00,0.49,0.27,MIT
AMPL_YEAST,0.42,0.32,0.48,0.16,0.50,0.00,0.55,0.22,VAC
RLUB_YEAST,0.40,0.42,0.71,0.21,0.50,0.00,0.54,0.32,CYT
ASSY_YEAST,0.66,0.62,0.49,0.10,0.50,0.00,0.49,0.22,CYT
RL19_YEAST,0.72,0.37,0.63,0.38,0.50,0.00,0.40,0.14,CYT
RAD1_YEAST,0.24,0.41,0.47,0.16,0.50,0.00,0.51,0.38,NUC
MK11_YEAST,0.78,0.48,0.47,0.30,0.50,0.00,0.53,0.47,ME2
CH10_YEAST,0.55,0.53,0.56,0.29,0.50,0.00,0.48,0.22,MIT
R16B_YEAST,0.36,0.56,0.52,0.18,0.50,0.00,0.45,0.16,CYT
YCR3_YEAST,0.69,0.57,0.39,0.19,0.50,0.00,0.48,0.39,ME2
H3_YEAST,0.39,0.39,0.55,0.52,0.50,0.00,0.37,0.16,NUC
PRCF_YEAST,0.35,0.47,0.53,0.19,0.50,0.00,0.48,0.22,CYT
PR05_YEAST,0.33,0.21,0.53,0.15,1.00,0.00,0.52,0.50,NUC
MER2_YEAST,0.40,0.53,0.61,0.21,0.50,0.00,0.48,0.33,NUC
MSH4_YEAST,0.49,0.46,0.42,0.46,0.50,0.00,0.55,0.22,NUC
MAS6_YEAST,0.41,0.41,0.51,0.19,0.50,0.00,0.57,0.22,MIT
NUF1_YEAST,0.51,0.34,0.49,0.16,0.50,0.00,0.53,0.21,NUC
ALG1_YEAST,0.86,0.68,0.39,0.24,0.50,0.00,0.54,0.22,ME2
RGM1_YEAST,0.42,0.21,0.59,0.30,0.50,0.00,0.47,0.27,NUC
RAS2_YEAST,0.66,0.55,0.54,0.18,0.50,0.00,0.43,0.22,CYT
YD66_YEAST,0.52,0.65,0.36,0.26,0.50,0.00,0.44,0.22,ME3
H104_YEAST,0.66,0.62,0.52,0.17,0.50,0.00,0.49,0.22,CYT
NOT4_YEAST,0.47,0.44,0.53,0.18,0.50,0.00,0.47,0.29,NUC
FUMH_YEAST,0.41,0.39,0.51,0.52,0.50,0.00,0.49,0.22,CYT
FET4_YEAST,0.39,0.44,0.28,0.12,0.50,0.00,0.46,0.27,ME3
SIS2_YEAST,0.37,0.47,0.49,0.12,0.50,0.00,0.47,0.31,NUC
IRA2_YEAST,0.40,0.45,0.42,0.17,0.50,0.00,0.54,0.26,ME3
RL2A_YEAST,0.45,0.27,0.57,0.36,0.50,0.00,0.52,0.18,CYT
R167_YEAST,0.37,0.37,0.51,0.38,0.50,0.00,0.44,0.22,CYT
PUT3_YEAST,0.29,0.40,0.41,0.48,0.50,0.00,0.53,0.30,NUC
GLRX_YEAST,0.52,0.50,0.60,0.20,0.50,0.00,0.52,0.22,CYT
GAP1_YEAST,0.49,0.46,0.34,0.21,0.50,0.00,0.55,0.22,ME3
RT17_YEAST,0.41,0.54,0.58,0.20,0.50,0.00,0.52,0.22,MIT
HIR1_YEAST,0.48,0.57,0.50,0.09,0.50,0.00,0.52,0.42,NUC
TCPB_YEAST,0.50,0.45,0.52,0.18,0.50,0.00,0.52,0.22,CYT
VRP1_YEAST,0.50,0.40,0.57,0.17,0.50,0.00,0.59,0.22,CYT
YK68_YEAST,0.32,0.29,0.29,0.08,0.50,0.00,0.52,0.22,ME3
TYE7_YEAST,0.36,0.52,0.61,0.33,0.50,0.00,0.52,0.37,NUC
CAD1_YEAST,0.48,0.23,0.57,0.27,0.50,0.00,0.48,0.47,NUC
PRC8_YEAST,0.45,0.45,0.52,0.17,0.50,0.00,0.54,0.22,CYT
UBP1_YEAST,0.59,0.70,0.46,0.19,0.50,0.00,0.54,0.44,CYT
KCC1_YEAST,0.31,0.55,0.52,0.17,0.50,0.00,0.52,0.22,CYT
MOD5_YEAST,0.67,0.51,0.54,0.21,0.50,0.00,0.43,0.30,MIT
PRI2_YEAST,0.45,0.48,0.56,0.56,0.50,0.00,0.47,0.22,NUC
SUL1_YEAST,0.43,0.28,0.41,0.32,0.50,0.00,0.52,0.22,ME3
P152_YEAST,0.41,0.53,0.41,0.15,0.50,0.00,0.54,0.25,NUC
R29A_YEAST,0.38,0.32,0.64,0.41,0.50,0.00,0.44,0.11,CYT
RM06_YEAST,0.62,0.59,0.54,0.47,0.50,0.00,0.46,0.22,MIT
VP16_YEAST,0.41,0.48,0.51,0.20,0.50,0.00,0.51,0.22,CYT
CP51_YEAST,0.57,0.59,0.44,0.16,0.50,0.00,0.52,0.22,ME2
SYG_YEAST,0.40,0.48,0.50,0.17,0.50,0.00,0.54,0.50,CYT
SYKM_YEAST,0.50,0.56,0.49,0.61,0.50,0.00,0.50,0.22,MIT
RM27_YEAST,0.44,0.44,0.67,0.35,0.50,0.00,0.48,0.26,MIT
CATA_YEAST,0.37,0.53,0.60,0.19,0.50,0.50,0.42,0.22,POX
PIS_YEAST,0.47,0.61,0.50,0.23,0.50,0.00,0.49,0.22,ME3
CYPH_YEAST,0.52,0.40,0.60,0.12,0.50,0.00,0.55,0.22,CYT
PPR1_YEAST,0.42,0.28,0.51,0.23,0.50,0.00,0.53,0.27,NUC
SRB6_YEAST,0.55,0.47,0.53,0.20,0.50,0.00,0.40,0.22,NUC
TBB_YEAST,0.53,0.42,0.53,0.19,0.50,0.00,0.47,0.22,CYT
DCP3_YEAST,0.52,0.46,0.51,0.18,0.50,0.00,0.50,0.22,CYT
EFG2_YEAST,0.49,0.48,0.46,0.63,0.50,0.00,0.52,0.22,MIT
YB8I_YEAST,0.77,0.70,0.37,0.12,0.50,0.00,0.49,0.26,ME1
RPC2_YEAST,0.46,0.53,0.47,0.37,0.50,0.00,0.51,0.36,NUC
CIK1_YEAST,0.31,0.44,0.53,0.23,0.50,0.00,0.51,0.32,NUC
RM13_YEAST,0.60,0.57,0.64,0.52,0.50,0.00,0.47,0.28,MIT
HXT6_YEAST,0.45,0.57,0.30,0.17,0.50,0.00,0.51,0.22,ME3
RFC1_YEAST,0.26,0.36,0.47,0.34,0.50,0.00,0.53,0.72,NUC
MSB2_YEAST,0.76,0.76,0.35,0.27,0.50,0.00,0.44,0.22,ME1
RM37_YEAST,0.56,0.50,0.61,0.49,0.50,0.00,0.46,0.28,MIT
ADB2_YEAST,0.48,0.39,0.51,0.21,0.50,0.00,0.52,0.28,CYT
RA23_YEAST,0.43,0.48,0.53,0.18,0.50,0.00,0.46,0.22,NUC
YKN4_YEAST,0.46,0.62,0.46,0.54,0.50,0.00,0.51,0.27,MIT
IMP2_YEAST,0.35,0.49,0.47,0.22,0.50,0.00,0.50,0.28,MIT
RCS1_YEAST,0.33,0.55,0.51,0.43,0.50,0.00,0.51,0.22,NUC
MFA2_YEAST,0.46,0.42,0.60,0.21,0.50,0.00,0.40,0.22,EXC
CTPT_YEAST,0.41,0.40,0.59,0.47,0.50,0.00,0.48,0.43,CYT
CC10_YEAST,0.50,0.64,0.57,0.15,0.50,0.00,0.47,0.22,CYT
YKA5_YEAST,0.41,0.25,0.59,0.44,0.50,0.00,0.60,0.69,NUC
CHI1_YEAST,0.82,0.78,0.49,0.23,0.50,0.00,0.46,0.22,EXC
MK16_YEAST,0.49,0.62,0.65,0.18,0.50,0.00,0.46,0.43,NUC
SIN3_YEAST,0.40,0.49,0.53,0.23,0.50,0.00,0.44,0.26,NUC
KIP1_YEAST,0.43,0.52,0.53,0.52,1.00,0.00,0.49,0.22,CYT
YHK8_YEAST,0.49,0.56,0.37,0.20,0.50,0.00,0.53,0.22,ME3
GPDM_YEAST,0.69,0.50,0.49,0.42,0.50,0.00,0.49,0.22,MIT
KAPC_YEAST,0.42,0.37,0.54,0.17,0.50,0.00,0.51,0.22,CYT
RMAR_YEAST,0.66,0.37,0.60,0.25,0.50,0.00,0.69,0.22,MIT
SMC2_YEAST,0.40,0.75,0.44,0.12,0.50,0.00,0.49,0.22,NUC
PH80_YEAST,0.53,0.54,0.43,0.18,0.50,0.00,0.53,0.31,NUC
DHSB_YEAST,0.53,0.51,0.55,0.57,0.50,0.00,0.46,0.22,MIT
RS41_YEAST,0.32,0.44,0.54,0.21,0.50,0.00,0.40,0.19,CYT
AATM_YEAST,0.42,0.44,0.48,0.54,0.50,0.00,0.48,0.22,MIT
VAC1_YEAST,0.55,0.44,0.50,0.09,0.50,0.00,0.55,0.22,VAC
RPC6_YEAST,0.37,0.45,0.53,0.14,0.50,0.00,0.49,0.22,NUC
MEP1_YEAST,0.47,0.60,0.35,0.21,0.50,0.00,0.52,0.22,ME3
TSM1_YEAST,0.50,0.50,0.48,0.34,0.50,0.00,0.52,0.27,NUC
COXE_YEAST,0.49,0.46,0.45,0.45,0.50,0.00,0.52,0.22,MIT
SUP1_YEAST,0.41,0.49,0.55,0.13,0.50,0.00,0.55,0.22,CYT
PMT1_YEAST,0.37,0.51,0.39,0.18,0.50,0.00,0.51,0.27,ME3
RPM2_YEAST,0.42,0.49,0.49,0.36,0.50,0.00,0.57,0.26,MIT
PLSC_YEAST,0.80,0.69,0.53,0.33,0.50,0.00,0.51,0.22,ME2
HS75_YEAST,0.60,0.46,0.51,0.10,0.50,0.00,0.48,0.31,CYT
ADH4_YEAST,0.59,0.45,0.53,0.19,0.50,0.00,0.59,0.27,CYT
TFS2_YEAST,0.61,0.30,0.59,0.12,0.50,0.00,0.49,0.27,NUC
CACM_YEAST,0.45,0.39,0.46,0.29,0.50,0.00,0.42,0.22,MIT
M101_YEAST,0.50,0.49,0.59,0.47,0.50,0.00,0.49,0.36,MIT
CC40_YEAST,0.28,0.37,0.61,0.09,0.50,0.00,0.52,0.55,NUC
RM02_YEAST,0.60,0.51,0.60,0.38,0.50,0.83,0.52,0.24,MIT
STE2_YEAST,0.49,0.55,0.41,0.19,0.50,0.00,0.48,0.31,ME3
RM44_YEAST,0.53,0.52,0.61,0.35,0.50,0.00,0.50,0.22,MIT
KAR3_YEAST,0.34,0.31,0.60,0.37,0.50,0.00,0.50,0.30,NUC
RS8_YEAST,0.37,0.30,0.62,0.43,0.50,0.00,0.44,0.39,CYT
ANP1_YEAST,0.74,0.75,0.58,0.47,0.50,0.00,0.40,0.35,ME2
PUR3_YEAST,0.73,0.63,0.42,0.30,0.50,0.00,0.49,0.22,CYT
PHR_YEAST,0.50,0.42,0.57,0.49,0.50,0.00,0.48,0.27,NUC
RPB8_YEAST,0.44,0.50,0.55,0.24,0.50,0.00,0.48,0.22,NUC
STE5_YEAST,0.45,0.57,0.52,0.21,0.50,0.00,0.54,0.38,NUC
ARG1_YEAST,0.37,0.32,0.47,0.18,0.50,0.00,0.45,0.25,NUC
ERG7_YEAST,0.34,0.38,0.45,0.19,0.50,0.00,0.51,0.22,ME2
TCPD_YEAST,0.39,0.47,0.49,0.20,0.50,0.00,0.53,0.26,CYT
SC22_YEAST,0.56,0.49,0.32,0.22,0.50,0.00,0.50,0.22,ME2
ST12_YEAST,0.38,0.51,0.56,0.21,0.50,0.00,0.48,0.31,NUC
RA51_YEAST,0.55,0.59,0.53,0.15,0.50,0.00,0.49,0.22,NUC
TOA2_YEAST,0.52,0.49,0.59,0.21,0.50,0.00,0.47,0.22,NUC
SP21_YEAST,0.44,0.59,0.54,0.18,0.50,0.00,0.49,0.22,NUC
VATC_YEAST,0.64,0.61,0.56,0.15,0.50,0.00,0.54,0.22,VAC
AP17_YEAST,0.53,0.52,0.49,0.27,0.50,0.00,0.51,0.22,CYT
SRPI_YEAST,0.25,0.33,0.48,0.18,0.50,0.00,0.42,0.33,NUC
IF52_YEAST,0.44,0.54,0.51,0.16,0.50,0.00,0.58,0.22,CYT
UBC2_YEAST,0.48,0.47,0.59,0.41,0.50,0.00,0.56,0.27,NUC
END2_YEAST,0.78,0.70,0.32,0.23,0.50,0.00,0.53,0.22,ME1
RS24_YEAST,0.61,0.38,0.57,0.36,0.50,0.00,0.44,0.21,CYT
